1.0739430074  0  0  1  1  0  0  0  1  0  0  1  0  1  0  1  0  0  0  0  0  0  0  1  0  0  1  1  1  0  0  0  0  16.0363622556
2.05010348826  0  0  1  0  1  0  1  0  1  0  0  1  0  1  0  0  0  0  1  0  0  0  0  0  1  0  0  1  0  0  0  0  15.9598354055
2.83639556884  0  1  0  0  0  0  0  0  1  0  0  0  1  0  0  0  0  0  0  0  0  0  0  1  0  0  1  0  0  0  0  0  16.062957635
2.77873958429  0  0  1  0  1  0  0  0  0  0  0  1  0  0  1  0  0  0  0  0  1  0  0  0  0  0  1  0  0  0  0  0  15.9733700495
1.3187154109  0  0  0  1  0  1  0  1  0  0  0  0  0  0  0  0  0  1  0  0  0  0  1  0  1  0  0  0  0  0  1  0  16.0919731948
2.71554246223  0  0  0  0  0  1  0  0  0  1  1  0  0  0  0  0  0  0  0  0  0  0  0  0  1  0  0  0  1  1  0  0  15.7748995183
0.749019430291  0  0  1  1  1  0  0  0  0  1  0  0  0  0  0  0  0  0  1  0  0  0  0  0  0  0  0  1  0  0  0  1  16.2990444812
0.507858757569  1  0  0  0  0  0  0  0  0  0  0  0  1  1  0  0  0  0  1  0  1  0  0  1  0  0  1  0  1  1  0  0  16.2387361085
1.0226819274  1  1  1  0  1  0  1  0  1  0  1  0  1  0  0  1  0  1  1  0  1  0  1  1  1  0  1  0  1  0  1  1  15.576696799
1.91290056036  1  0  0  1  0  1  1  0  1  0  1  0  1  0  1  0  1  0  1  0  0  0  1  0  1  0  0  1  1  0  1  0  15.4595016053
1.28170117368  1  1  1  0  0  1  1  1  0  1  0  0  1  0  1  0  1  0  1  0  1  0  1  1  0  1  0  1  1  0  1  0  15.5598203524
2.56617480011  1  0  1  0  1  0  0  1  1  1  0  1  0  0  1  0  1  0  1  0  1  1  0  1  1  0  1  1  0  1  0  1  14.9970369478
1.88007433614  0  0  1  0  1  1  1  1  1  0  0  1  0  1  1  0  0  1  1  0  1  0  0  1  1  0  1  1  0  1  1  0  15.2719208512
2.00706683493  1  1  0  1  0  0  1  1  0  1  0  1  0  0  1  1  0  0  0  1  0  1  1  0  1  1  0  1  0  1  0  1  15.2637235704
1.77006915134  1  0  1  0  0  0  1  0  0  0  0  1  0  0  0  0  1  0  1  0  1  0  0  1  0  1  0  1  0  1  1  0  15.6256757242
3.28757854792  1  1  0  0  1  0  1  1  0  1  0  1  0  1  0  0  0  1  1  1  1  0  1  0  1  1  0  1  0  0  1  0  14.7815517073
2.43510513484  1  0  0  1  0  0  1  0  1  0  1  0  1  0  1  0  1  0  1  0  1  0  1  0  1  0  1  0  1  0  1  0  15.1861193079
1.38592302344  0  1  0  1  0  1  0  1  0  1  0  0  1  0  0  1  0  1  0  0  1  1  0  1  1  0  1  0  0  1  0  1  15.5817706874
0.729093067225  0  0  1  0  1  0  1  0  1  0  1  0  0  1  0  0  0  1  0  1  0  1  0  1  0  0  1  0  1  0  1  0  15.9181364696
1.83337996266  1  0  1  1  0  0  1  0  1  0  1  0  1  0  1  0  1  0  1  0  1  0  0  0  1  0  1  0  0  0  1  0  15.627591805
0.431855258299  0  1  0  0  0  0  1  0  1  0  1  0  0  1  0  1  0  1  0  1  0  1  0  1  0  0  1  1  0  1  0  0  16.0258093061
1.58412582995  1  0  1  0  1  0  1  0  1  0  0  1  0  1  0  1  0  1  0  1  0  1  0  1  0  0  0  1  0  1  0  0  15.6732549436
1.67651202425  0  1  1  0  1  0  1  0  1  0  1  0  1  0  1  0  1  0  1  1  0  0  1  0  1  0  1  0  1  0  1  0  15.4577144617
2.75511282222  1  0  0  1  0  1  0  0  1  0  1  0  1  0  1  0  1  0  0  1  0  0  0  1  0  1  0  1  0  1  0  0  15.252253923
0.0321020941743  1  0  0  0  0  0  0  0  0  0  0  1  1  1  1  1  1  0  0  0  0  0  0  0  0  0  0  0  0  0  1  1  16.3085468813
2.53180382754  1  1  1  1  0  0  0  1  0  0  0  0  1  1  0  0  0  0  0  0  0  0  0  0  0  1  1  1  1  1  0  0  15.4468511852
0.214652769744  0  1  1  1  0  0  0  0  0  0  0  0  0  0  1  0  0  0  0  0  0  0  0  1  1  1  1  0  1  1  1  0  16.1535549653
1.21225425138  0  0  0  0  0  0  0  0  0  0  0  0  0  1  1  0  1  0  0  0  0  0  0  0  0  0  0  0  0  1  0  0  16.3412058138
0.925881038693  1  1  1  1  1  0  0  0  0  0  0  0  0  0  1  1  1  1  1  0  0  1  1  1  1  1  1  1  1  1  1  0  15.6118722027
1.52400850603  0  0  0  0  0  0  0  1  0  0  0  0  0  0  1  1  1  1  0  0  1  0  0  0  0  1  0  0  1  1  0  1  15.8629331886
1.6227454569  0  0  1  1  0  0  0  1  1  0  0  0  0  0  0  1  1  1  1  1  1  1  0  0  0  0  0  0  0  0  0  1  15.6328424394
0.0703134465129  1  1  1  1  1  1  0  0  1  1  0  0  1  1  1  1  0  0  1  0  0  0  1  1  0  0  0  0  1  1  0  0  16.113188444
0.426921694151  0  1  1  1  1  1  1  1  1  0  1  0  1  0  1  1  0  1  0  1  0  1  1  1  1  1  1  0  1  0  1  1  15.6055552994
1.17169399465  1  1  1  1  1  1  0  0  1  0  1  1  0  1  0  1  1  1  1  1  0  1  1  1  0  1  0  1  1  1  1  1  15.3453017543
0.211685609735  0  1  0  0  1  1  1  1  0  1  1  0  1  0  1  0  1  1  0  1  1  0  1  0  1  1  1  1  1  1  1  1  15.618093268
0.307045400871  1  1  1  1  1  0  1  1  1  0  1  1  0  1  1  1  1  0  1  0  1  1  1  1  0  1  0  1  0  1  0  0  15.8063738585
2.39283648966  1  1  1  1  0  1  1  1  0  1  1  0  1  1  0  1  0  1  1  0  1  1  1  1  1  1  1  1  0  1  0  1  14.9569174789
0.188784719485  0  1  0  1  1  0  1  0  1  1  1  1  0  1  1  0  0  1  1  1  1  1  1  1  0  1  1  1  0  1  1  1  15.6259026944
0.988885103116  1  1  0  1  1  1  0  1  0  1  1  0  0  1  1  0  1  1  1  1  0  1  0  1  1  0  1  1  1  1  1  1  15.4055006672
1.71865622251  1  1  1  0  1  0  0  1  1  0  1  0  1  1  1  1  1  0  1  0  0  1  1  1  0  1  1  1  1  1  1  0  15.2034150963
1.79406613176  1  0  0  0  0  1  0  0  1  0  1  0  0  0  1  0  0  1  0  0  1  0  0  0  1  0  1  0  0  0  0  1  15.7332070807
2.61270807872  0  0  1  0  0  0  0  0  1  0  1  0  1  0  1  0  0  1  0  0  0  0  0  1  0  0  1  0  0  1  0  0  15.5773638116
1.26097161811  1  0  0  0  1  0  0  0  1  0  0  1  0  1  0  0  0  1  0  1  0  1  0  0  0  0  1  0  0  0  1  0  15.9672586804
2.96111895994  0  1  0  1  0  0  1  0  0  0  0  0  1  0  0  1  0  1  0  1  0  1  0  0  0  1  0  1  0  0  1  0  15.2878161727
3.03336638798  0  0  0  0  0  1  1  1  0  0  0  1  0  0  0  0  0  0  1  1  1  1  0  0  1  1  0  1  1  0  0  1  15.1049485022
3.36038230412  1  1  0  1  0  1  0  1  0  1  0  0  0  1  0  0  0  0  0  1  0  0  0  0  1  0  0  0  1  0  0  0  15.919914757
1.66563117734  1  1  1  1  0  1  0  0  1  1  0  0  0  0  1  0  0  0  0  0  0  1  1  1  0  0  0  1  0  0  1  1  15.6453367962
0.683973023151  0  0  0  1  1  1  0  0  1  1  0  1  0  0  1  1  1  1  1  0  0  1  1  0  0  0  0  0  0  1  1  1  15.7319658006
1.73610416913  1  1  0  0  1  0  1  1  1  0  0  0  0  1  1  1  0  1  1  1  0  1  1  0  0  1  0  0  1  1  1  0  15.3330169893
2.04314220733  1  0  0  1  0  1  0  0  0  0  1  1  1  1  0  0  0  0  1  0  0  0  0  0  0  0  0  0  0  1  1  1  15.4955163271
3.11805084126  1  0  0  1  0  0  0  1  0  0  0  0  1  1  0  0  0  1  1  1  0  1  0  1  0  0  0  0  1  1  1  1  14.9480335393
2.27600925903  0  0  1  0  0  0  0  0  0  0  1  1  1  1  1  0  0  0  0  0  0  0  1  0  0  0  0  1  0  0  0  0  15.783900111
1.99817515315  1  1  1  0  1  1  0  1  0  1  1  1  0  0  1  0  0  1  1  0  0  1  0  0  0  0  0  1  0  1  0  0  15.8915950864
1.49765094247  1  0  1  0  0  0  0  0  1  0  1  0  0  0  1  0  1  1  0  1  0  0  0  1  0  1  1  1  0  1  0  0  15.6883923349
3.09644774789  1  0  0  1  0  1  1  1  0  0  1  1  0  0  1  0  1  0  0  0  1  1  0  0  1  0  0  0  0  0  1  1  15.0877684953
0.619671740513  0  1  1  0  0  1  0  0  1  0  0  1  1  0  1  1  0  0  1  0  0  1  0  0  0  0  0  0  1  0  0  1  16.0513066853
3.47540965284  1  0  0  1  0  0  0  0  0  0  0  0  0  1  0  0  1  1  0  1  0  1  1  1  1  0  1  1  1  0  1  0  15.4447115021
0.699094872933  0  0  0  0  1  1  0  0  1  0  1  0  0  0  1  0  1  0  0  0  0  1  0  0  1  1  0  1  0  0  1  0  16.0315881379
3.22864846444  1  0  0  1  1  0  0  0  1  0  1  1  1  0  0  0  0  0  1  0  1  1  1  0  0  1  0  0  1  0  1  1  14.8147461332
3.27257316197  0  1  0  0  1  0  0  0  0  0  0  0  0  0  0  1  0  0  0  0  0  0  0  1  0  0  1  0  0  1  0  0  15.7423125877
0.636365791587  0  0  1  0  0  0  0  0  1  0  0  0  0  0  0  0  1  0  0  0  0  0  1  0  0  0  0  0  0  0  1  0  16.4035561018
2.28313986049  1  1  1  0  0  1  0  1  0  0  0  0  0  0  1  0  0  1  0  0  0  0  1  0  1  0  1  0  0  0  0  0  15.9597641568
0.376985202804  1  0  0  1  0  0  1  0  0  0  0  0  0  0  0  0  1  0  1  0  1  0  0  1  0  1  0  0  0  0  0  0  16.3629523463
3.05790546921  0  0  1  1  1  1  1  1  1  1  1  1  1  1  1  1  1  1  1  1  1  1  1  1  1  1  1  1  1  1  1  1  15.4496686903
0.22176885305  0  1  1  1  1  1  1  1  1  1  1  1  1  1  1  1  1  0  0  0  1  0  0  1  1  1  1  1  1  0  1  1  15.5885739484
0.981912724914  0  0  0  1  1  1  1  1  1  1  1  1  1  1  0  0  1  1  1  1  1  1  1  1  1  1  1  1  1  1  1  1  15.4132992576
0.890080336044  0  1  1  1  1  1  1  1  1  1  1  1  1  1  1  1  1  1  1  1  1  1  1  1  1  1  1  1  1  1  0  1  15.3012523298
0.185517795983  1  1  1  1  1  1  1  1  1  1  1  1  1  1  1  1  1  1  1  1  1  1  1  1  1  1  1  1  1  0  1  1  15.3490746697
2.09055844343  0  1  1  1  1  1  1  1  1  1  1  1  1  1  1  1  1  1  1  1  1  1  1  1  1  1  1  1  1  1  1  1  15.3087702345
3.42569103374  0  0  1  1  1  1  1  1  1  0  1  1  1  1  1  1  1  1  1  1  1  1  1  1  1  1  1  1  1  1  1  1  15.4231775817
2.54266645622  1  1  1  1  1  1  1  1  1  1  1  1  1  1  1  1  1  1  1  1  1  1  1  1  1  1  1  1  1  1  1  1  15.325141474
1.39074313601  1  0  1  0  1  0  1  0  0  1  0  1  0  0  0  0  0  0  1  0  0  0  0  0  0  0  1  0  1  0  1  0  15.9879962
2.46749897156  1  1  0  0  0  0  0  0  1  0  0  0  1  0  0  1  0  0  0  0  0  0  0  1  1  0  0  1  0  1  1  0  15.5099551043
1.62217238488  1  0  0  0  0  1  0  1  0  1  0  1  0  1  1  0  0  1  0  1  0  1  0  0  0  0  1  0  0  1  0  1  15.5869885358
0.829465310293  0  1  0  1  0  1  0  0  0  0  1  0  1  0  1  0  1  0  0  1  0  1  0  1  1  1  0  0  1  0  1  1  15.735701555
3.04870529961  0  0  1  0  0  1  0  0  1  0  0  1  0  1  0  1  0  0  0  1  0  0  0  0  1  1  0  1  1  0  0  1  15.0623776766
0.80800730479  0  0  1  1  0  1  0  1  1  0  0  1  0  0  0  0  0  0  1  1  1  0  0  0  1  0  0  0  1  0  1  1  15.8478458968
2.489005885  1  0  1  0  1  0  1  0  1  0  0  1  1  0  0  0  1  0  1  0  0  0  1  0  0  0  1  0  0  0  1  1  15.3660821647
0.530127042823  1  0  0  1  0  1  1  1  0  1  1  0  0  0  0  1  0  1  0  1  0  1  0  1  0  1  0  0  1  0  1  0  15.9521270729
3.28172242229  1  0  1  1  1  0  0  1  1  1  1  0  1  0  1  1  0  1  0  1  1  0  1  1  0  1  1  1  0  1  0  1  14.6200241489
0.937363311425  0  1  1  0  1  1  0  0  1  0  0  1  0  1  1  1  0  1  1  1  0  0  1  0  1  0  1  0  1  0  0  1  15.6648653203
0.509128343516  0  1  0  1  1  0  1  0  1  1  1  1  1  1  1  0  1  0  1  1  1  0  1  0  1  0  1  1  1  1  1  1  15.5234960687
2.34048757618  1  1  1  0  0  1  0  1  1  0  1  1  1  0  0  1  0  0  1  1  0  1  1  0  0  1  1  1  0  0  1  0  15.1760147076
1.24805407906  0  1  0  1  1  1  0  1  1  1  1  0  1  1  1  1  0  1  1  1  1  0  1  0  0  1  1  1  1  1  1  0  15.3280844706
2.27270525983  1  1  1  1  1  1  0  0  0  0  0  0  1  1  0  1  1  0  0  1  1  1  0  0  1  0  0  1  1  1  0  1  15.1982195676
2.97271022167  1  0  0  1  1  1  1  0  1  0  0  1  1  0  1  1  1  0  1  1  1  1  0  0  1  0  1  1  0  1  0  1  14.761370466
1.5889890471  1  1  0  1  1  0  0  0  1  1  0  1  0  1  0  1  0  1  1  1  0  0  1  1  0  0  1  0  1  1  1  1  15.3254522462
2.95418989948  1  1  0  1  1  1  1  1  1  1  1  1  1  1  1  1  1  1  1  0  0  0  1  1  1  1  1  1  1  1  1  1  14.9560648021
2.05986899817  1  1  1  1  1  1  1  0  0  1  1  1  1  0  1  0  0  0  0  0  0  0  0  1  0  1  1  1  1  1  1  1  15.2562169452
3.30177529024  0  0  1  1  1  1  1  1  1  1  1  1  0  0  1  1  1  1  1  0  0  1  0  0  1  1  1  1  1  1  1  1  14.7601441248
1.9689006937  1  1  1  1  1  1  1  1  1  0  1  1  1  1  1  0  0  1  1  1  1  1  1  1  1  1  1  1  1  0  1  1  15.110276208
2.41168505236  0  0  1  1  1  1  1  1  1  1  1  1  1  1  1  1  1  1  1  1  1  1  1  1  1  0  0  1  1  1  1  1  15.1288507534
1.88221044584  1  0  0  0  1  0  1  1  1  1  1  1  1  1  1  1  1  1  1  1  1  1  0  1  1  1  1  1  1  1  1  0  15.3063971202
2.29248704189  0  0  0  1  1  1  1  1  1  1  1  0  0  0  0  0  0  0  1  1  1  1  1  1  1  1  1  1  1  1  1  0  15.0814607863
0.557881731492  0  1  0  1  1  0  0  1  1  1  1  1  1  1  1  0  1  1  1  0  0  1  1  1  1  1  1  0  0  1  1  1  15.5153795072
0.445226527562  0  0  0  1  1  1  1  1  1  0  1  0  1  0  1  0  1  0  1  1  1  0  1  0  1  1  0  1  1  1  0  0  15.7605133734
2.56672924083  1  0  0  0  1  1  0  1  0  0  1  1  0  0  1  0  1  0  1  0  1  1  0  1  0  0  1  1  0  1  1  0  15.0728335311
2.51530849227  1  1  0  1  0  1  0  1  0  1  1  1  0  1  1  0  1  1  0  1  0  1  0  1  0  1  0  1  0  1  0  1  14.9971633159
2.59740726994  1  1  0  0  1  1  1  0  0  0  0  1  0  1  0  1  0  1  0  1  1  0  1  1  0  1  1  0  0  0  1  0  15.1138992959
2.65938127153  0  1  0  1  0  1  1  0  1  1  0  1  0  0  1  0  1  0  1  1  1  0  1  1  1  0  1  1  0  1  1  0  14.9142931866
0.293683152719  0  0  1  1  1  1  1  1  1  1  0  1  1  1  0  1  1  1  1  1  0  1  1  1  1  1  1  1  1  1  0  0  15.5706273842
1.08460033462  0  1  1  1  1  1  1  1  1  1  1  1  1  0  0  1  1  1  1  1  1  1  1  1  1  0  1  1  1  1  1  0  15.3310028916
0.152204723342  0  1  1  0  0  1  1  1  0  1  1  1  1  1  0  1  1  1  1  0  1  1  1  1  0  1  1  0  0  0  1  1  15.7066960376
1.97117100012  1  1  0  1  1  1  1  1  0  1  1  1  1  1  1  1  0  1  0  0  1  0  0  1  0  1  1  0  0  1  1  1  15.2370533334
0.407325290019  0  1  1  1  1  0  1  0  1  1  0  1  1  1  1  1  1  0  1  1  1  1  1  1  1  1  1  1  1  1  0  0  15.5530879135
2.37709231157  0  0  0  1  1  1  1  0  0  1  0  0  1  1  1  1  1  1  1  0  0  1  1  1  0  1  1  1  1  1  1  0  15.1142377061
0.253178506538  0  1  1  1  1  1  1  1  1  0  0  0  1  1  1  0  0  1  1  1  1  0  1  1  1  1  1  1  0  0  1  1  15.63196527
1.91793003624  1  1  1  1  1  1  1  0  1  1  1  1  1  1  1  1  1  0  1  1  1  1  1  1  1  1  1  1  1  1  1  0  15.1469964075
3.03507739439  1  1  1  1  1  1  1  1  1  1  1  1  1  1  1  1  0  1  1  0  1  1  1  0  1  1  1  1  0  0  1  1  14.9824873516
3.39149628257  1  1  1  1  1  1  0  1  1  1  1  1  1  1  1  0  0  0  1  1  1  1  1  1  1  1  1  1  1  0  1  1  14.7243103875
1.84085787557  0  0  0  0  0  0  0  0  0  0  0  1  1  0  1  0  1  1  0  0  0  1  1  1  1  1  1  0  0  0  0  0  15.9285863421
2.37874611117  0  0  0  0  0  0  0  0  0  1  1  1  1  1  1  1  1  1  0  0  1  0  0  0  0  0  0  0  0  0  1  1  15.3603479899
2.38605158799  0  0  0  1  1  1  0  0  0  0  1  1  1  1  1  0  1  1  1  0  0  1  1  1  1  1  1  1  1  1  1  0  15.3276146946
2.92901677162  1  1  1  1  1  0  0  0  0  0  0  1  1  1  1  0  0  0  0  0  0  0  0  0  1  1  1  1  1  1  0  0  15.1024410243
1.09974275151  1  1  1  1  1  1  0  0  0  1  0  1  1  1  1  1  1  0  0  0  0  1  1  0  1  1  1  0  1  1  1  0  15.5068862662
0.938912071119  1  1  1  1  1  1  1  1  1  1  1  1  1  1  1  0  0  0  1  1  1  1  1  1  1  1  1  1  1  1  0  0  15.4376269459
3.33433556451  0  0  1  1  1  1  1  1  1  1  1  1  0  0  0  0  0  0  1  1  1  1  1  0  1  1  1  0  0  0  0  1  14.7939906824
2.74355423172  0  1  1  1  0  0  1  1  0  1  1  1  1  1  1  0  0  0  0  1  1  1  1  0  1  0  0  0  1  1  1  1  14.863631002
2.71508534639  1  1  1  1  1  0  0  0  0  0  0  1  0  0  0  0  0  1  0  0  0  0  0  0  0  0  0  0  0  0  1  1  15.9688112016
0.631594265097  0  0  1  1  0  0  0  0  0  0  0  0  0  0  0  0  0  0  0  1  1  1  0  0  0  1  0  0  0  0  0  1  16.2357775442
0.439495840807  0  0  0  0  0  1  0  0  0  0  0  0  0  0  0  0  0  0  1  1  1  1  1  0  0  0  0  0  0  0  0  0  16.3684399262
1.59016949201  1  1  0  0  0  1  1  1  0  0  0  1  0  1  1  0  0  0  0  1  0  1  1  1  0  0  1  0  1  1  1  0  15.4350233109
3.45035267037  0  0  0  0  0  1  1  0  0  1  0  0  0  0  0  0  0  0  0  1  0  0  1  0  0  0  1  1  1  1  0  0  15.1224413456
2.70514041774  1  1  1  0  0  1  1  1  0  0  1  0  0  0  0  0  0  0  1  1  0  1  0  0  1  0  0  0  1  1  1  0  15.2773252982
0.219652324284  1  1  0  0  0  0  0  0  0  0  0  0  0  0  0  0  0  1  0  1  0  0  0  0  0  0  0  0  0  0  0  0  16.6036745601
2.36783779251  1  0  0  0  1  0  0  0  0  1  0  0  0  0  0  0  0  0  0  1  1  0  0  0  0  0  0  0  0  0  0  0  16.2557308686
0.684344498607  0  1  0  1  0  0  1  0  0  0  1  1  1  0  0  1  0  0  0  1  1  0  1  0  0  1  0  0  1  0  1  0  15.9721423265
2.91792902693  1  0  0  0  1  1  1  1  0  1  1  1  0  0  0  0  1  1  1  0  0  0  0  1  0  0  0  0  0  1  0  0  15.5808931798
1.01854087316  1  0  1  1  1  0  0  0  1  1  0  1  1  1  0  0  0  0  0  0  0  0  0  1  0  0  0  0  1  0  0  0  16.3001104238
3.22841611421  1  0  0  0  1  0  1  1  1  1  0  1  0  0  1  1  0  1  1  0  1  0  1  0  1  1  0  0  0  1  1  0  14.7356262025
2.62904944501  1  0  1  1  1  0  1  0  1  1  0  0  0  1  1  0  0  1  0  0  1  0  0  1  0  1  0  1  0  1  0  0  15.3705670242
2.98885799066  0  0  0  0  1  0  0  0  0  1  0  0  0  0  1  0  1  0  0  0  0  0  1  1  1  0  1  0  1  0  0  0  15.462769649
2.90321447307  1  1  0  0  0  0  0  1  0  0  1  0  0  0  0  0  0  0  0  0  1  1  0  0  0  0  0  0  0  0  1  0  15.8808349382
2.63278110511  1  0  0  0  0  0  0  0  1  0  0  0  0  0  0  1  0  0  1  0  1  0  1  1  0  0  1  1  0  0  0  0  15.6716118597
0.431005154148  1  1  1  1  1  0  1  0  0  1  1  1  1  1  1  1  1  1  0  1  1  1  0  1  1  1  1  0  1  1  1  1  15.4697753235
2.17591363939  0  0  1  1  1  0  1  0  0  1  1  1  0  1  1  1  1  1  0  1  1  0  1  1  0  0  0  1  0  1  1  1  15.0677635412
3.20243605703  1  1  0  1  0  1  1  0  0  1  1  1  1  0  1  0  1  1  1  1  0  1  0  1  1  1  1  0  1  1  1  1  14.7660952352
3.31266103114  1  1  1  1  1  1  0  1  0  1  1  0  0  1  1  1  1  0  1  0  1  0  1  0  0  1  0  1  1  1  1  0  14.7506070445
0.720456172098  1  1  1  0  1  1  0  1  0  1  0  1  1  0  0  1  0  0  1  1  1  1  1  1  0  0  1  0  1  1  1  0  15.6552763969
2.27222698375  1  0  1  1  1  1  1  1  0  1  0  1  0  1  1  0  1  1  0  1  0  1  1  0  1  0  1  1  1  0  1  0  15.1167082426
2.34788729276  1  1  0  1  0  1  0  1  1  1  1  1  0  1  0  1  0  1  1  1  1  1  1  1  1  1  1  1  1  1  0  1  15.1206355319
3.47033429024  1  1  1  1  0  1  0  1  1  1  0  1  0  1  0  1  0  1  1  1  0  0  0  1  1  1  1  0  0  1  0  1  14.6774373448
1.56939607802  1  0  1  0  1  1  0  0  1  1  1  1  1  0  0  1  0  1  0  1  1  0  1  0  0  1  1  1  1  0  1  0  15.3636162686
0.222165429977  1  0  1  0  1  1  0  1  1  1  1  1  1  1  1  1  1  1  1  1  1  1  0  1  1  1  1  0  1  0  1  0  15.576673466
1.90401605306  0  0  0  1  1  1  1  1  1  0  1  1  1  1  1  1  1  0  1  1  1  0  0  0  1  1  1  1  1  1  0  1  15.1599800261
0.0237080667168  1  1  1  0  1  1  1  0  1  1  0  1  1  1  1  1  0  0  1  1  1  1  0  1  1  1  1  1  1  1  0  0  15.757139666
1.08066570936  0  1  1  1  1  1  1  0  0  1  1  1  0  0  1  0  1  0  1  0  1  1  0  1  0  1  0  1  0  1  0  0  15.7453163985
2.85205733247  1  0  0  0  0  1  1  1  1  1  1  1  1  0  1  0  1  1  1  1  1  1  1  1  1  1  0  1  1  1  0  0  14.8754767481
1.29217029298  0  1  1  0  1  1  0  1  1  1  0  1  1  1  1  1  1  1  0  1  0  0  0  0  0  1  0  0  1  1  0  1  15.5176105082
1.1425084531  1  0  0  0  0  1  1  1  1  1  0  0  0  0  0  0  0  0  1  1  1  1  0  0  0  0  0  0  0  0  0  0  16.1305446653
3.11822066957  1  0  0  0  1  1  0  1  0  0  0  0  0  0  0  0  0  1  1  1  0  0  1  0  0  1  1  1  1  0  1  1  14.8724428007
2.00562937111  1  0  0  0  0  0  1  0  0  0  0  0  0  0  0  0  0  0  0  1  0  0  0  0  1  0  0  0  0  0  0  0  16.3621473529
0.141937369796  0  0  0  0  0  0  0  0  1  0  0  0  0  0  0  0  1  0  1  1  1  0  0  0  0  0  0  0  1  1  0  0  16.3667672103
1.79956086437  0  0  0  0  1  1  1  1  0  0  0  0  0  0  0  0  0  0  1  0  0  0  0  0  0  0  0  0  0  0  0  0  16.4405054116
3.49278803557  0  0  0  0  0  0  0  0  0  0  0  0  0  0  0  0  0  0  0  0  0  0  0  0  0  0  0  0  0  0  0  0  16.7223745366
1.658824884  1  0  0  1  1  1  1  1  0  0  0  0  0  0  0  1  1  1  0  0  1  0  0  1  1  0  0  0  0  0  1  1  15.591189784
3.39135725727  0  0  0  1  0  0  0  0  0  0  0  1  0  1  0  0  0  0  0  0  0  0  0  0  0  0  0  1  0  0  0  0  16.0271210622
0.744126682869  0  0  1  0  0  0  0  0  0  0  0  0  0  0  0  0  1  1  1  0  1  1  1  1  1  1  1  1  0  0  0  0  16.1087698848
0.827242743286  1  0  0  0  0  0  0  0  0  0  0  0  1  1  0  0  0  0  0  0  1  1  1  1  0  0  0  0  1  1  0  0  16.1319563615
0.341288502826  0  1  1  0  1  0  1  0  1  0  1  0  1  0  1  0  1  0  1  0  1  0  1  0  1  0  1  0  1  0  1  0  15.9481509068
0.150286080943  1  0  1  1  1  0  1  0  1  0  0  1  0  1  0  1  1  0  1  1  0  1  1  1  0  1  0  1  0  1  0  0  15.9745393778
2.99341130791  1  0  1  1  0  1  1  1  1  0  0  0  1  1  0  1  0  1  1  1  1  0  0  1  0  1  0  0  1  0  1  0  14.9391580052
0.743586916127  1  0  1  0  0  1  0  1  0  0  0  0  1  0  0  1  0  0  1  0  1  0  1  1  0  1  0  1  1  0  1  0  15.8919646249
1.38301596757  0  1  1  0  1  0  1  0  1  0  1  0  1  0  1  0  1  0  1  0  1  0  1  1  0  1  0  1  0  0  0  1  15.5690888184
0.754031503748  0  1  1  0  1  1  0  1  0  0  1  0  1  1  1  0  0  1  0  1  0  0  0  1  0  0  1  0  1  0  1  0  15.9126251425
0.158535579873  0  1  0  1  0  1  0  0  1  1  1  1  1  0  1  0  1  0  0  1  0  1  0  1  0  1  0  1  0  1  1  1  15.8437628839
0.696789342481  0  0  0  1  0  1  1  1  0  0  0  1  0  1  0  0  0  0  1  1  0  1  1  0  0  1  0  1  0  0  1  0  15.9400645986
0.0622542738639  0  0  0  0  0  0  0  0  1  0  1  0  0  0  1  0  0  0  0  0  0  0  0  0  0  1  1  0  0  1  0  0  16.4404044917
2.27735626293  1  1  0  0  0  0  1  0  0  0  0  0  0  0  0  0  1  1  0  0  0  0  0  1  1  0  0  0  0  0  0  1  15.8060550311
0.396429894514  1  0  0  0  0  0  0  1  0  1  0  1  0  0  0  0  0  1  0  0  0  0  0  0  0  0  0  0  0  1  1  0  16.3583748606
0.654124536902  0  0  0  0  0  0  0  0  1  0  0  0  0  0  1  0  0  0  0  0  1  0  1  1  0  0  0  0  0  0  0  0  16.4056558536
0.980670664213  1  1  0  1  0  0  0  0  0  0  0  0  0  1  0  0  0  0  0  0  0  0  0  0  0  0  0  1  0  0  0  0  16.5731055433
3.09867127536  1  0  0  0  0  0  0  0  0  0  0  0  1  0  0  0  1  0  0  0  0  0  1  0  0  0  0  0  1  0  0  0  16.0097614117
2.32907648718  1  1  0  1  0  1  0  0  1  0  0  0  0  0  0  0  0  0  0  1  0  0  0  0  1  0  1  0  0  0  1  0  15.9236630826
0.420046918454  1  0  0  0  1  0  1  1  0  0  0  0  0  0  1  1  0  0  0  0  0  1  0  0  1  0  0  1  0  0  0  0  16.3113151974
1.63903675099  0  0  0  0  0  0  0  0  1  0  1  0  1  0  0  1  1  0  0  0  0  1  0  0  0  1  0  0  0  1  1  1  15.7357292836
0.731665789677  1  1  1  1  0  0  1  1  1  1  1  0  0  1  1  1  0  0  1  0  0  0  1  0  1  0  0  1  0  0  0  0  16.1150948328
0.439653163515  1  1  0  0  1  1  0  0  1  0  0  1  1  1  0  0  1  0  1  0  1  0  0  1  0  0  1  1  1  1  0  0  15.9360843079
2.1384974069  1  1  1  1  0  0  0  1  1  0  0  0  0  0  0  0  0  0  0  0  0  0  1  1  0  1  0  0  0  0  0  0  16.2731212606
2.78615156393  1  0  0  1  0  0  1  1  0  0  1  0  0  1  0  0  1  1  0  0  0  0  0  0  1  1  0  1  0  0  1  0  15.3148168986
0.203668285833  0  0  0  0  0  0  0  1  0  0  1  0  1  0  1  1  0  1  1  0  0  0  1  0  1  1  0  1  0  0  1  0  16.1146565372
2.61854649217  1  0  0  0  0  1  1  0  0  0  0  1  1  0  0  0  1  0  0  0  1  0  0  0  0  0  0  0  1  0  0  0  15.8554937477
0.711198563333  1  0  0  0  0  1  1  0  1  0  1  1  1  1  0  1  1  0  0  1  1  0  1  0  0  1  0  0  0  1  0  0  15.8846491286
1.75836422018  1  1  0  1  1  1  0  0  1  0  0  0  1  0  1  1  0  1  1  1  1  1  0  0  1  0  0  0  1  1  1  0  15.3555604425
0.503514634337  0  0  1  1  1  1  1  1  0  1  1  1  0  0  1  1  1  1  0  1  1  0  0  0  1  1  1  1  1  1  1  1  15.5041051507
1.12018245604  1  0  0  0  0  1  0  1  1  0  1  0  0  1  1  1  1  1  1  1  1  1  1  0  0  0  1  0  1  1  0  0  15.5972673493
0.335992924576  1  1  1  0  0  0  1  0  1  0  1  1  1  1  0  0  0  0  0  1  1  1  1  0  0  0  0  0  1  1  1  1  15.8708437278
1.80831640593  1  1  0  1  1  0  1  1  0  0  1  1  1  0  1  0  1  0  0  0  1  1  1  0  1  1  0  1  1  0  1  1  15.2049120135
1.09653596437  0  0  0  0  0  1  1  0  0  0  1  1  1  1  0  0  1  0  0  1  1  1  1  1  1  1  0  1  1  0  1  0  15.7173787507
3.21563861322  0  1  1  1  1  1  1  1  0  1  1  1  0  0  0  1  1  0  0  0  0  0  0  1  1  1  1  1  1  1  0  0  14.9515239251
3.3887501903  1  0  0  0  0  0  1  1  0  0  0  1  0  0  1  1  0  0  0  0  1  0  1  1  0  1  1  1  1  0  1  1  14.9379636967
0.0918951867173  1  1  0  1  1  0  1  0  0  1  0  0  1  0  1  0  1  0  0  1  0  1  1  1  1  0  1  1  1  0  1  0  15.9501976371
1.18546022588  1  0  1  0  1  0  1  1  1  0  0  1  1  0  1  0  1  0  1  0  1  1  0  1  1  0  0  0  0  0  1  0  15.7101775221
1.14538278345  0  1  1  1  1  1  0  1  0  0  1  0  1  0  1  0  1  0  0  0  1  0  1  1  1  1  0  1  1  0  1  0  15.5864219913
2.337617474  0  1  1  1  0  1  0  0  1  0  1  0  0  0  1  1  0  1  0  0  1  0  1  0  1  0  1  0  0  1  0  0  15.4554452022
3.35048295146  0  1  0  1  0  1  0  1  0  1  1  0  1  0  1  0  1  0  1  0  1  1  0  1  0  1  1  1  0  1  0  0  14.7204817967
0.207116595542  1  0  0  1  0  1  1  1  1  0  1  0  1  0  1  0  1  1  1  0  1  0  1  0  1  0  1  0  1  1  0  1  15.8347084526
0.0788502213343  0  1  0  1  0  1  0  1  0  1  1  1  0  1  1  1  0  1  0  1  0  1  0  1  0  1  1  0  1  0  1  0  15.9360802567
2.3181685726  1  0  1  0  1  0  1  0  1  1  0  1  1  0  1  0  1  0  1  0  1  0  1  0  1  0  0  1  0  0  0  1  15.260262555
1.04211508901  1  1  0  1  1  1  1  0  0  1  0  0  0  1  0  1  1  0  0  1  1  0  1  0  0  1  0  1  0  1  1  0  15.7222310945
0.897581059509  1  1  1  1  0  1  0  1  0  1  1  1  0  1  0  1  1  1  1  1  1  1  1  1  1  1  1  1  1  1  1  0  15.4105608792
2.45629153786  1  0  1  0  1  0  1  1  1  1  1  1  1  0  1  1  1  1  1  1  1  1  1  1  1  1  1  1  1  1  1  1  15.4036967257
1.41324803738  0  1  0  1  1  1  1  1  1  0  1  1  1  1  1  0  0  1  1  0  1  1  1  1  0  1  1  1  1  1  1  1  15.2844820407
2.9442426237  0  1  0  1  0  1  0  1  1  1  1  0  1  1  1  0  1  0  1  1  0  0  1  1  1  1  0  1  1  1  0  1  14.8076996351
0.892577433505  0  1  0  1  0  1  1  0  1  0  1  0  1  1  1  1  0  1  1  1  1  0  1  1  1  0  1  1  1  0  1  1  15.4925588922
2.7018376785  1  1  1  1  1  1  1  1  1  1  1  1  1  1  1  1  1  1  1  1  1  0  1  1  1  1  0  1  1  1  1  1  15.0820241788
1.40241895596  0  1  0  1  1  1  1  1  1  1  1  1  0  1  1  1  1  1  0  1  1  1  1  1  1  1  1  0  1  1  1  0  15.2709867608
1.28406366851  1  1  1  0  1  1  0  1  1  0  0  0  1  0  1  0  1  1  1  1  1  0  1  0  1  1  1  1  1  1  0  1  15.3582846986
0.101924971669  1  0  1  0  1  0  0  1  1  1  1  0  0  1  1  1  1  1  1  0  0  1  1  1  0  1  1  1  0  1  1  0  15.8044435702
1.81219388393  0  1  0  1  0  1  1  1  1  1  0  1  0  0  1  1  1  1  1  1  1  0  1  1  1  1  1  1  0  0  0  1  15.205846057
1.30284189004  1  1  1  1  1  1  0  1  0  0  1  0  1  0  1  1  0  1  1  0  1  1  1  1  1  1  0  1  1  0  0  1  15.4110879625
1.17289085466  0  1  1  1  1  1  0  1  1  0  1  1  1  0  1  1  1  1  1  1  1  1  1  0  1  0  1  1  1  1  1  0  15.3188081245
2.54525707661  1  0  1  1  1  1  1  1  1  1  0  1  1  0  1  0  1  1  1  1  1  1  0  1  1  0  0  1  0  1  1  1  14.9203575658
3.17008959352  0  1  0  1  1  0  1  1  0  0  1  0  1  1  1  1  1  1  0  1  0  1  1  0  1  1  1  1  1  1  1  1  14.9932635084
0.445058194389  0  1  1  1  1  1  1  1  1  1  0  0  1  1  0  0  1  0  1  0  1  0  1  1  1  1  0  0  1  1  0  1  15.7199041454
3.02184295059  1  0  0  0  1  0  1  0  0  0  0  1  1  1  0  1  0  0  1  0  0  0  0  1  0  1  0  1  0  0  1  0  15.1671841321
0.316123423889  1  0  1  0  0  1  0  0  0  1  0  1  0  1  0  1  0  0  1  0  1  0  1  0  0  1  0  0  1  0  0  1  16.0664083901
2.53777972395  0  0  0  1  1  0  0  0  1  0  1  0  1  0  1  0  0  0  1  0  1  0  0  1  0  1  0  1  0  0  1  0  15.3248605909
0.0602197207199  1  0  0  1  0  1  0  0  0  1  0  1  0  1  0  0  0  0  1  0  0  0  0  0  1  0  1  0  1  0  1  0  16.2703705027
0.361947325217  0  1  0  1  0  0  0  1  0  1  0  1  0  1  0  1  1  0  0  0  0  1  0  0  0  0  0  0  1  0  0  1  16.1485670842
2.76883933794  0  1  0  0  0  0  1  1  0  0  0  1  0  1  0  1  0  0  1  0  0  0  1  0  0  1  1  0  0  0  0  1  15.289488722
2.14835942224  1  0  0  0  1  1  0  1  0  1  0  1  0  1  0  0  0  1  0  1  0  0  0  0  1  0  1  0  1  1  0  0  15.4577855182
2.17181839216  0  0  1  0  0  0  0  1  0  0  1  0  1  0  1  1  0  1  1  0  1  0  1  0  1  0  1  0  1  0  0  1  15.427144354
0.949762916146  1  1  0  1  1  0  0  1  0  1  1  1  1  1  0  1  1  0  1  1  0  1  0  1  0  1  0  0  1  1  1  0  15.5757046913
2.45111480868  1  1  0  1  0  0  1  1  0  1  1  0  0  0  1  0  1  1  1  1  1  1  1  0  0  0  1  1  1  1  1  0  14.9867401213
1.39031050576  1  1  0  0  1  1  0  1  0  1  0  1  0  0  0  1  0  1  1  0  1  0  1  0  0  0  1  1  1  0  0  1  15.5768122668
1.49014440634  1  1  1  1  0  0  1  1  1  1  1  1  1  1  1  1  0  0  1  1  1  1  0  0  1  1  1  1  1  1  1  0  15.2361720212
1.63898098228  1  0  0  1  0  0  0  1  1  0  1  1  0  1  1  1  1  0  1  0  0  1  1  1  1  1  1  0  1  0  0  0  15.3782204119
2.52694950564  1  0  1  1  1  0  1  1  0  1  0  1  1  1  0  1  1  0  0  1  1  1  1  0  1  1  1  1  0  1  1  1  14.9272433216
0.0820202379327  0  1  0  1  1  0  1  1  1  1  1  0  1  0  0  1  1  1  1  1  1  1  0  1  0  1  1  1  1  1  1  0  15.7021665478
2.65678467543  0  0  1  0  0  1  1  0  1  0  0  1  0  1  1  1  0  0  0  1  1  0  1  1  1  0  1  0  1  1  0  1  15.0437487841
0.530101156799  0  1  1  0  1  0  1  0  1  0  1  0  1  0  0  0  1  0  1  1  1  0  1  1  0  1  0  1  0  1  0  1  15.8034941484
1.10237582826  0  1  1  0  0  0  1  1  1  0  0  1  1  1  0  1  1  1  0  1  1  0  1  1  0  1  0  0  1  1  1  0  15.5313427229
1.90181558998  0  1  1  0  0  1  1  1  0  1  0  0  0  0  1  0  1  1  0  1  0  0  1  0  1  1  0  1  0  1  0  1  15.3292396536
1.39994176602  1  0  1  0  1  1  0  0  1  1  0  1  0  1  0  1  0  1  0  0  0  0  1  1  0  0  1  0  0  1  0  0  15.8061891082
0.658491850176  0  1  0  1  1  1  0  1  0  1  0  1  0  1  0  0  0  1  0  1  0  1  0  0  0  0  1  0  1  0  0  0  16.1210325742
2.78417456285  1  0  0  1  0  0  1  0  1  0  1  0  1  1  0  1  0  1  0  0  1  0  1  1  0  0  1  0  1  0  1  0  15.0522920549
2.16186102758  0  1  0  0  1  1  1  0  1  0  1  0  1  0  0  1  0  1  0  1  1  0  1  0  1  1  0  1  0  0  1  0  15.2611331019
1.67574733418  0  1  1  0  0  1  0  1  0  0  1  0  0  1  0  0  1  1  0  1  0  0  1  1  0  1  0  1  1  0  1  1  15.3762966997
1.61998509035  0  1  0  1  0  1  0  1  0  0  0  1  0  0  1  0  1  0  0  0  1  0  0  0  1  1  1  0  1  0  0  1  15.5770937514
3.26245712597  0  0  0  1  0  1  1  0  1  0  1  0  0  1  0  1  0  1  0  1  1  0  1  0  0  1  0  0  0  1  1  0  14.8829206989
0.64328301254  1  0  1  0  1  0  1  0  1  0  1  0  1  0  1  1  0  1  0  1  1  0  1  1  0  1  1  1  0  0  0  0  15.8166376215
2.16500376303  1  0  0  1  1  0  1  0  0  0  0  0  0  1  0  0  1  0  1  0  0  1  1  0  1  0  1  0  0  0  0  0  15.6935439811
2.06407412242  0  1  0  0  1  0  0  1  0  1  0  0  1  0  1  0  0  1  0  1  0  0  1  0  1  1  1  0  0  0  0  1  15.4153517083
2.50821874537  0  1  1  1  1  0  1  0  0  1  1  0  1  0  1  0  1  0  1  0  0  1  1  0  1  0  0  0  0  0  1  0  15.4708391734
1.42945509204  0  1  0  1  0  0  0  0  1  0  1  0  0  1  1  0  0  1  1  1  1  0  0  1  0  1  0  1  0  0  1  0  15.6377502402
2.37464140879  1  0  0  0  0  0  0  1  0  0  0  1  1  1  0  1  0  1  1  0  1  1  0  1  0  0  1  0  0  0  1  1  15.3785619922
1.70462729205  1  0  0  0  0  0  0  0  0  0  0  0  1  1  0  0  0  0  1  0  1  0  1  1  0  0  0  1  0  0  0  0  16.0155960303
1.19446826732  1  0  0  1  1  0  1  1  0  0  0  0  0  0  0  0  0  0  0  0  0  0  0  0  0  0  0  0  0  0  0  0  16.7311485159
3.17871153752  0  0  0  1  1  1  0  0  0  1  0  0  0  0  0  1  1  1  0  0  0  0  0  0  0  0  0  0  1  0  0  1  15.3796240082
0.307907549891  0  0  0  1  0  0  0  0  0  0  0  0  0  0  0  0  0  0  0  0  1  0  0  0  0  0  0  0  0  0  0  1  16.5197689866
1.1223577607  1  0  0  0  0  0  0  1  0  0  0  0  0  0  0  0  1  1  0  0  0  0  0  0  0  0  0  0  0  0  0  0  16.4899487012
2.24830093988  1  0  0  0  0  0  0  0  0  0  0  0  0  0  0  0  0  0  0  0  0  0  0  0  0  0  1  0  0  0  0  0  16.5582057341
0.369505140453  0  0  0  0  0  0  1  1  1  0  0  0  0  0  0  0  0  0  0  0  0  0  0  0  1  0  0  0  0  1  0  0  16.4557355
0.543725372214  1  0  0  0  0  0  0  0  0  0  0  0  1  0  0  0  0  0  0  1  1  0  0  1  1  1  0  0  1  0  0  0  16.2936663221
2.88182393591  1  0  0  1  1  1  0  1  0  0  0  0  1  0  1  1  1  1  0  0  1  1  1  1  1  0  0  0  0  0  0  0  15.151335376
2.19918288409  1  1  0  0  0  1  0  1  1  1  0  0  0  1  1  1  1  1  1  1  0  1  1  1  1  1  0  0  1  0  1  1  15.1285018387
2.7700901981  0  1  1  1  1  1  1  1  1  0  0  1  1  0  1  0  1  0  0  1  1  1  0  1  1  0  1  1  1  1  0  1  14.8354307655
3.18678445321  0  0  0  1  0  0  1  0  1  0  1  1  0  1  1  1  1  1  1  0  0  1  0  1  1  1  0  1  1  1  1  1  15.250084888
3.24664040536  0  1  0  1  0  0  1  1  1  0  1  1  1  0  1  0  0  0  1  1  1  1  1  0  0  1  1  1  1  1  1  0  14.7056272721
0.578044848335  1  1  1  1  1  0  0  1  1  0  1  1  1  0  1  1  1  1  1  0  1  1  0  1  1  0  0  1  0  1  0  1  15.6665558384
2.67114948486  1  0  1  1  1  0  0  1  1  1  0  1  1  1  0  1  0  1  1  1  1  0  1  0  1  1  1  1  1  1  1  0  14.8809881639
0.228549185855  1  1  1  1  0  1  1  1  1  1  0  1  0  1  0  0  1  0  1  0  0  1  0  1  1  1  0  1  1  0  0  1  15.8912655748
1.37048183313  0  0  1  1  0  0  0  1  0  0  0  0  0  1  1  1  0  0  0  0  0  1  0  1  0  0  0  0  0  1  1  0  15.8835654794
1.72367905575  0  0  0  0  0  0  1  1  0  0  1  1  1  0  1  0  1  0  0  0  0  0  0  0  0  0  1  1  1  0  0  0  15.7517129001
1.34384133231  1  1  1  1  1  1  1  1  1  1  0  1  1  1  1  0  0  0  0  0  0  1  1  1  0  0  0  0  0  0  0  1  16.2665221007
1.34957588905  1  1  1  0  1  1  1  1  0  1  1  1  0  0  1  0  1  0  0  1  1  1  0  0  0  0  1  0  1  1  0  0  15.7982379432
1.12095839358  0  1  0  1  0  0  0  0  0  0  1  1  0  0  0  0  1  1  1  1  0  0  0  0  0  0  0  1  1  1  1  1  15.6726185748
0.811193515892  1  0  0  0  0  0  1  0  0  0  0  1  0  1  0  0  0  0  0  0  0  1  1  1  0  0  0  0  0  0  0  0  16.2960006926
3.04381987854  0  1  0  0  0  1  1  1  0  1  1  0  1  0  1  1  0  1  0  0  0  1  1  1  1  1  1  1  1  0  1  1  14.9046156215
0.438859361824  1  1  1  0  1  0  1  1  1  1  1  0  1  1  1  1  1  1  1  1  1  0  1  1  1  0  1  0  0  1  0  1  15.601169031
3.27089936444  1  1  1  1  0  1  1  0  0  0  0  0  1  0  1  1  1  0  1  0  0  0  1  0  1  0  0  0  1  0  1  1  14.9377045897
0.775216015001  1  1  0  1  0  1  0  0  1  0  1  1  1  0  0  0  0  0  1  1  1  1  1  1  1  1  0  1  1  1  1  1  15.5563886357
1.451903134  1  0  0  0  1  0  1  1  1  1  1  1  1  1  1  0  1  0  1  1  1  0  0  1  0  1  1  1  1  1  1  1  15.3075800452
2.11179223356  1  0  0  1  1  1  1  0  1  1  1  1  1  1  1  1  0  0  1  1  1  0  0  1  1  1  0  1  0  0  1  0  15.182793517
1.84378541041  0  1  0  1  1  1  1  1  0  1  1  0  1  0  1  0  1  0  1  1  1  1  1  1  0  1  0  1  1  1  0  1  15.1369666123
2.35162707712  0  0  0  0  0  0  0  0  0  0  0  0  1  0  0  0  0  1  0  1  0  0  1  0  1  0  1  0  0  0  0  1  15.9306727161
0.0302607115794  1  0  1  1  1  0  0  1  1  1  0  1  0  1  0  1  0  1  0  0  0  1  1  1  0  0  0  0  0  0  1  0  16.1748132431
2.3048146102  1  0  1  1  0  0  0  0  0  0  0  0  1  0  1  0  1  1  0  1  0  0  1  0  0  0  0  0  0  0  1  0  15.7105142472
2.09686314234  1  0  0  0  0  1  0  1  0  0  1  0  0  0  1  0  0  1  1  1  1  1  1  0  0  0  1  0  1  0  1  0  15.4344911977