1.0  1  0  1  0  1  0  0  0  1  0  1  1  0  1  0  1  1  0  0  1  0  1  1  1  0  0  1  0  1  1  1  1  15.5653605318
1.0  1  0  1  1  1  0  0  0  0  1  1  0  0  0  0  0  1  1  1  0  1  0  1  0  0  0  0  0  1  0  1  1  15.7825340673
1.0  0  1  0  1  0  0  1  1  1  0  0  0  1  1  1  0  1  1  1  1  1  0  1  1  0  0  1  0  1  1  0  1  15.5552571182
1.0  1  0  0  0  0  1  1  0  1  0  1  1  0  1  0  0  1  0  1  0  1  1  0  0  1  1  0  0  0  1  0  0  15.8255346569
1.0  0  1  1  0  0  1  1  1  0  0  0  1  1  0  1  0  0  0  1  0  0  0  0  0  0  1  1  0  0  0  0  0  16.1640559249
1.0  0  0  0  0  0  0  0  0  0  1  0  0  1  0  0  1  0  1  0  0  1  1  0  1  0  1  1  0  0  1  0  0  16.0791521616
1.0  0  0  0  0  1  1  1  0  1  1  1  0  0  1  1  1  1  0  1  1  0  0  0  1  0  0  0  1  0  1  1  1  15.5773886659
1.0  0  0  0  0  0  1  1  1  0  0  1  1  1  1  0  0  0  0  1  1  0  0  0  0  1  1  0  1  0  1  0  0  15.8171234943
1.0  1  1  1  1  1  1  1  0  1  1  1  1  0  0  1  1  0  1  0  1  0  0  1  1  1  0  1  0  0  1  1  1  15.5892724306
1.0  0  0  1  0  0  0  0  1  1  0  1  0  0  1  0  0  0  0  0  0  1  1  1  0  0  0  0  0  1  1  1  1  15.7627032157
1.0  1  1  0  0  0  0  0  1  1  0  0  1  1  0  0  0  0  0  0  1  0  0  1  1  1  1  1  1  0  0  0  1  15.7675202941
1.0  1  1  1  0  0  0  0  1  1  0  0  0  0  0  0  0  0  1  1  0  0  0  0  1  0  1  1  1  1  0  1  1  15.7028592055
1.0  0  0  1  0  0  0  1  1  1  1  0  1  1  0  0  0  1  0  0  0  1  0  1  0  0  1  1  0  0  0  0  1  15.8088036082
1.0  1  0  1  1  0  0  0  0  1  1  1  1  1  0  0  1  1  1  1  0  0  1  1  0  1  1  1  0  1  0  1  1  15.4928163998
1.0  0  0  0  0  0  0  0  1  1  1  1  0  0  0  1  1  1  0  1  1  0  1  0  1  0  1  0  0  1  1  1  0  15.7665466152
1.0  0  1  0  1  1  1  0  1  1  0  0  1  0  1  0  0  1  1  0  0  0  0  0  1  1  1  0  0  1  1  0  0  15.8042359625
1.0  1  1  0  0  0  1  0  1  1  0  0  1  0  0  1  0  0  1  0  1  0  1  1  1  0  0  1  0  1  0  0  0  15.8561761615
1.0  0  1  1  0  0  0  1  1  0  1  0  1  0  0  1  0  0  0  0  0  0  1  0  1  1  1  1  1  0  1  1  1  15.6011016478
1.0  0  1  1  0  0  1  1  1  0  1  0  1  1  0  1  1  1  1  0  0  1  1  0  0  0  1  0  1  1  1  1  1  15.4736642114
1.0  0  0  1  1  0  0  0  1  1  0  1  0  0  1  1  1  1  1  0  0  0  0  1  0  1  0  1  0  1  0  0  1  15.7148687129
1.0  0  1  1  1  1  0  1  0  0  0  0  1  1  1  1  1  1  1  0  0  1  1  1  0  0  1  0  1  0  0  1  0  15.6479863833
1.0  0  0  0  0  0  0  1  0  0  0  1  1  0  1  1  1  1  0  0  0  1  1  0  1  1  1  1  0  0  1  0  1  15.8196470858
1.0  1  1  0  1  1  1  1  1  0  1  0  0  1  1  0  1  1  1  1  1  0  1  0  1  0  0  1  0  0  1  1  1  15.5268856864
1.0  0  1  1  0  1  1  0  1  1  0  0  1  1  0  0  1  0  0  0  0  1  0  1  1  0  1  1  1  1  1  0  0  15.6435026974
1.0  1  0  0  0  0  1  0  1  0  1  1  1  1  0  0  1  1  0  0  0  0  1  0  0  1  1  0  1  1  1  1  1  15.5651689222
1.0  0  1  0  1  0  1  1  0  0  1  1  1  1  1  0  0  1  0  0  0  0  0  1  0  1  0  1  1  0  0  1  0  15.7642417996
1.0  0  0  1  1  0  0  0  0  1  1  1  1  1  1  0  1  0  0  0  0  1  1  0  1  1  0  1  0  1  1  0  1  15.620700828
1.0  1  0  1  0  1  1  1  0  0  1  0  1  1  0  0  1  0  0  1  1  0  1  1  0  0  1  0  0  1  1  1  1  15.5668402915
1.0  0  1  1  1  0  0  1  0  1  1  1  1  1  1  0  0  0  1  1  0  1  1  0  1  1  1  1  0  1  0  0  1  15.5237330193
1.0  1  1  1  1  1  0  1  0  1  0  0  0  0  0  1  1  0  1  1  0  0  1  0  0  1  1  1  0  0  1  1  0  15.7593528227
1.0  1  0  0  1  0  0  1  0  1  0  1  1  0  0  0  0  0  0  0  0  0  0  1  1  1  0  1  1  0  0  1  1  15.7266090492
1.0  0  0  1  1  0  1  0  0  0  0  0  1  0  0  1  1  1  0  0  0  1  1  1  0  0  0  1  1  1  0  0  1  15.7460558039
1.0  0  1  0  1  0  1  0  0  0  1  1  0  0  0  1  1  0  0  1  0  1  1  1  1  1  1  0  0  1  0  1  1  15.6119201054
1.0  1  0  1  0  1  0  1  1  1  1  0  1  0  1  0  0  0  1  0  1  1  1  0  1  1  0  1  1  0  1  1  1  15.4729233748
1.0  0  1  1  0  0  0  1  1  0  0  0  1  1  1  1  1  1  0  0  0  0  1  1  0  0  1  0  0  1  1  1  0  15.6725115083
1.0  1  1  0  0  1  1  0  0  1  0  0  1  0  0  0  1  0  1  1  0  0  1  1  0  1  1  1  0  0  1  1  1  15.6004338628
1.0  1  1  0  1  0  0  0  1  0  0  1  0  1  0  0  0  1  1  0  0  0  0  1  0  0  0  0  1  0  1  0  1  15.9126375928
1.0  1  0  0  1  0  0  0  1  1  0  1  1  0  1  0  0  0  1  0  0  1  0  0  0  1  1  0  1  1  1  0  0  15.7758455207
1.0  0  1  0  0  0  1  0  1  0  0  0  0  1  1  0  1  0  0  0  0  1  1  1  1  0  1  1  1  1  0  1  0  15.7568602029
1.0  0  0  0  0  1  1  0  0  1  1  0  0  1  1  0  0  1  0  1  1  1  0  1  1  1  0  0  0  0  1  0  0  15.7898746334
1.0  1  1  1  1  0  0  0  1  0  1  1  0  0  0  1  0  1  1  0  1  1  0  0  1  1  0  1  1  0  0  1  1  15.6097316629
1.0  0  0  1  1  0  0  0  0  0  1  1  0  1  1  0  1  0  1  1  0  1  1  1  0  0  0  1  0  1  1  0  1  15.6670025311
1.0  1  0  0  0  0  1  0  1  1  0  1  1  1  1  0  0  0  0  1  0  1  0  0  0  0  0  1  0  0  1  0  1  15.8135036649
1.0  0  0  0  0  1  1  0  1  0  1  0  0  0  1  1  1  0  0  0  1  1  0  0  1  1  1  0  0  0  0  0  0  15.9167367028
1.0  0  1  1  0  1  1  0  1  0  1  0  1  1  0  1  0  1  0  0  1  0  0  0  0  1  0  1  0  0  1  1  0  15.8581934563
1.0  0  1  1  1  0  0  0  1  1  1  0  0  1  0  1  1  0  0  0  1  1  0  0  1  1  1  0  1  1  1  1  1  15.4829679377
1.0  1  1  0  1  1  1  0  1  1  1  0  1  0  0  0  1  0  1  1  1  0  1  1  0  0  1  1  1  1  1  0  0  15.5757727554
1.0  0  0  1  1  1  1  0  1  1  0  1  0  1  1  0  0  1  0  0  1  0  0  0  1  1  0  1  1  0  1  1  1  15.5541242998
1.0  1  1  0  1  0  0  0  0  1  1  1  0  0  1  0  0  1  1  0  0  0  1  1  1  1  1  1  0  1  0  1  0  15.6567993743
1.0  0  0  0  1  1  0  0  1  1  1  0  0  1  1  1  1  1  0  0  0  1  1  0  1  1  0  1  1  1  1  0  1  15.5420276919
1.0  1  1  0  1  1  1  0  1  1  1  0  0  1  0  1  0  1  1  0  1  0  0  1  0  1  0  1  0  0  1  0  1  15.7140693736
1.0  1  1  1  0  0  0  1  0  0  1  1  1  1  0  0  1  1  0  1  0  1  1  0  0  1  1  1  1  0  0  0  0  15.7181977049
1.0  0  0  0  1  1  1  1  0  0  1  1  0  0  1  1  1  1  0  1  0  1  1  0  1  0  0  0  1  0  1  0  1  15.6223446966
1.0  0  1  1  0  0  1  0  0  0  1  0  0  0  0  1  1  1  1  0  1  1  0  1  1  1  1  0  0  1  1  1  1  15.6383324745
1.0  0  1  0  0  1  0  0  0  0  0  0  0  0  1  1  1  0  1  1  0  1  1  0  0  1  0  1  1  0  0  1  1  15.7941854038
1.0  0  0  0  1  1  0  0  1  1  0  0  1  0  1  0  1  0  1  1  1  1  1  1  0  0  1  1  0  0  1  0  1  15.6427741129
1.0  0  1  0  1  0  0  1  0  1  0  0  1  1  0  1  0  1  1  0  1  0  1  0  1  0  0  1  0  0  1  0  1  15.7176326594
1.0  1  1  0  0  0  1  1  0  1  0  1  0  0  1  0  0  0  1  1  0  1  0  1  0  1  1  0  0  0  1  1  1  15.6486861048
1.0  0  1  0  1  0  0  0  1  1  0  1  0  0  1  1  1  0  0  1  0  1  1  1  1  0  1  1  0  0  1  1  1  15.5679828372
1.0  0  0  1  0  0  0  0  0  0  0  1  1  1  0  1  1  0  1  1  1  1  1  1  1  1  1  0  0  1  0  1  0  15.8198193532
1.0  0  0  0  1  0  0  1  1  0  0  1  0  0  1  0  1  0  1  0  0  1  1  1  1  0  1  0  1  1  1  0  1  15.7080424933
1.0  1  0  0  1  1  0  0  0  0  0  0  1  0  0  1  1  1  1  1  0  0  1  0  0  0  1  1  1  1  1  1  1  15.6180174466
1.0  0  0  1  1  0  0  0  0  1  0  0  0  0  1  1  1  0  1  1  0  1  0  1  1  0  1  1  0  0  1  0  0  15.8012099249
1.0  1  0  1  1  0  0  0  1  1  1  0  1  0  1  1  1  1  0  1  1  1  0  0  1  0  0  1  1  0  0  1  0  15.6342971155
1.0  1  1  1  1  1  1  1  1  1  0  1  0  1  0  0  0  1  0  0  0  0  0  0  0  1  0  0  0  0  0  0  1  16.5259174246
1.0  0  0  1  1  1  1  1  1  1  1  1  1  0  0  0  0  0  1  0  1  0  0  0  0  0  1  0  1  0  0  1  1  15.8541232479
1.0  1  1  1  1  0  0  1  1  0  1  1  1  0  1  1  1  0  1  0  0  0  0  0  0  1  1  1  1  0  0  1  1  15.6325602107
1.0  0  0  0  1  1  1  0  0  0  0  0  0  1  0  0  1  1  0  0  0  0  0  0  0  0  0  0  0  0  1  1  0  16.1290146499
1.0  0  1  1  1  1  1  1  0  0  0  1  1  0  0  1  1  0  1  1  0  0  0  0  1  1  0  0  0  0  0  1  1  15.8032913219
1.0  1  1  1  1  1  1  1  0  1  1  0  0  0  0  0  0  0  0  0  0  1  1  1  1  1  1  1  1  0  0  1  1  15.5793419878
1.0  0  1  1  0  0  1  0  1  1  1  0  0  0  0  0  1  1  0  0  0  1  1  1  1  0  0  0  0  1  1  0  1  15.7070511596
1.0  0  0  0  0  1  1  1  1  1  1  1  0  0  0  0  0  1  1  0  1  1  1  0  0  1  1  1  0  0  0  0  0  15.7662682793
1.0  0  1  0  0  0  0  1  1  0  0  1  1  1  1  0  0  1  0  0  1  1  0  0  0  0  0  1  0  0  0  0  0  16.0265131726
1.0  1  1  0  1  0  0  1  1  0  1  1  1  0  0  0  0  1  1  1  1  1  0  1  0  0  0  0  1  0  0  0  0  15.9181533009
1.0  0  0  0  0  1  1  1  0  0  1  1  1  1  1  0  1  0  0  0  0  1  1  0  0  0  0  0  0  0  0  0  0  16.1111690872
1.0  1  1  1  0  0  1  0  0  0  0  0  0  1  0  1  1  0  0  0  0  0  0  1  1  0  0  1  1  1  1  1  1  15.6415970067
1.0  1  1  0  0  0  0  0  0  0  0  0  0  1  1  0  0  1  1  0  0  0  1  0  0  0  0  0  0  0  0  0  1  16.1576781113
1.0  0  1  1  0  0  0  0  0  1  1  1  1  1  1  1  0  1  0  1  0  0  0  1  1  1  1  1  1  1  1  1  1  15.5328922096
1.0  1  0  1  1  1  0  0  0  0  0  0  0  1  1  1  1  1  0  0  0  1  1  1  1  1  1  1  0  1  0  1  1  15.5818094239
1.0  1  0  1  1  1  1  1  1  1  0  0  1  1  1  1  1  1  0  0  1  1  0  0  1  1  1  0  1  1  0  0  0  15.6506897474
1.0  1  1  1  1  1  1  1  0  1  0  0  0  0  1  1  0  0  1  1  1  1  0  0  0  0  0  0  1  0  1  1  1  15.7276550313
1.0  0  1  1  1  1  1  0  0  0  1  1  1  1  0  0  0  1  1  1  1  0  0  0  1  1  1  0  0  0  0  0  1  15.7405497654
1.0  1  1  1  1  1  1  0  1  0  0  0  0  1  0  0  0  0  1  1  1  1  1  1  1  1  0  0  0  1  1  1  1  15.52796875
1.0  0  0  0  1  1  1  0  1  1  1  0  0  0  1  1  1  1  0  0  0  0  0  0  1  1  0  0  0  1  1  0  0  15.8377567179
1.0  0  1  1  1  1  1  1  1  1  0  0  0  1  1  1  0  0  0  0  0  1  1  1  0  0  0  0  0  1  1  1  1  15.6716069745
1.0  1  0  0  0  0  0  0  0  0  1  0  0  1  1  0  0  0  1  0  0  0  0  0  0  1  1  0  0  0  1  0  0  16.1331802575
1.0  1  1  1  0  1  1  0  1  1  1  1  1  1  1  1  0  0  0  0  0  0  0  0  1  0  1  1  1  1  1  0  0  15.7605155243
1.0  0  1  0  0  0  0  0  1  1  0  0  0  0  1  1  1  1  1  1  1  1  1  1  1  1  1  1  1  1  1  0  0  15.8203267443
1.0  0  0  1  1  1  0  0  0  0  0  0  0  1  1  1  1  1  0  0  0  1  1  0  0  0  1  1  0  1  1  0  0  15.770922906
1.0  1  1  0  1  0  0  1  1  1  1  1  1  1  0  1  0  0  0  0  0  0  0  1  1  1  1  0  0  0  1  1  0  15.7368088468
1.0  1  1  0  0  0  0  1  1  0  0  1  1  1  0  0  0  0  1  1  0  0  0  0  0  0  0  1  1  1  1  1  1  15.6181477629
1.0  1  0  0  0  0  0  1  1  1  1  0  0  0  0  0  0  0  0  1  0  0  0  0  0  0  0  0  0  1  1  1  0  16.0405417352
1.0  0  1  1  1  0  0  0  0  1  1  1  1  1  1  0  1  1  1  0  0  1  0  1  0  0  0  1  1  1  0  1  1  15.5218126864
1.0  0  1  1  1  1  0  0  0  0  0  0  0  0  0  1  1  0  0  0  0  1  0  0  0  1  1  1  1  0  0  0  0  16.0109727059
1.0  1  1  1  1  1  1  1  1  0  0  0  0  0  0  0  1  1  0  1  1  0  0  0  0  0  0  1  1  0  0  0  0  16.2457862713
1.0  0  1  1  1  1  0  0  0  1  0  1  1  1  1  0  0  1  1  1  1  1  0  0  1  1  1  1  0  0  0  0  0  15.6558153284
1.0  1  1  1  1  1  0  0  0  1  0  1  1  1  0  1  0  1  1  0  1  1  0  1  1  0  1  0  1  0  0  0  0  15.7824177711
1.0  0  0  0  1  1  0  0  0  0  0  0  0  0  0  0  1  1  1  0  0  0  0  1  1  1  1  1  0  0  0  1  1  15.8725401853
1.0  0  0  0  0  0  0  0  1  1  0  0  0  1  0  0  0  0  0  1  1  0  0  0  0  0  1  0  0  0  0  0  1  16.1322637653
1.0  1  1  0  0  0  0  0  0  0  1  1  1  1  1  0  0  0  1  1  1  1  1  1  1  1  0  0  0  0  0  0  1  15.7217134475
1.0  1  1  0  0  0  0  1  1  1  0  0  1  1  1  1  1  1  1  1  0  0  0  1  1  1  1  1  1  1  1  0  0  15.5156002144
1.0  0  0  0  1  1  1  1  1  0  0  0  0  0  1  0  0  0  1  1  1  1  1  0  0  0  0  1  1  1  1  1  0  15.6354038583
1.0  0  1  1  1  0  0  1  0  1  0  0  1  1  1  1  1  1  1  1  1  0  0  0  0  0  1  1  0  1  0  1  0  15.6172285806
1.0  0  0  0  0  0  0  1  1  1  1  0  1  0  0  0  1  0  0  0  0  0  1  1  0  0  0  1  1  1  0  0  0  15.9277879807
1.0  1  1  0  0  0  1  1  0  1  1  1  1  1  0  0  0  1  1  1  1  1  1  1  1  1  1  1  1  1  1  1  1  15.4740185038
1.0  1  1  0  1  1  1  1  1  0  1  1  1  1  1  0  0  0  0  0  0  1  1  1  1  1  0  0  0  1  1  1  1  15.5110102697
1.0  0  0  0  0  0  1  0  1  0  0  0  0  1  1  1  1  1  0  0  0  1  0  0  0  0  1  1  1  0  0  0  1  15.8543673047
1.0  1  0  0  0  0  0  0  1  0  0  0  0  1  0  0  0  1  1  1  0  0  0  1  1  0  0  0  0  1  1  1  1  15.8533296651
1.0  1  1  1  0  1  1  1  0  0  1  1  1  1  1  1  0  0  0  0  1  0  1  1  1  0  0  1  0  0  0  1  1  15.6956217717
1.0  1  0  0  0  0  1  1  1  0  0  0  1  1  1  1  1  1  1  1  1  0  1  0  0  1  0  0  0  0  0  1  1  15.5923228597
1.0  0  0  1  0  0  1  1  1  1  0  0  1  1  0  0  1  1  0  0  0  1  1  1  1  0  1  1  1  1  1  1  1  15.5139901967
1.0  1  1  0  0  1  0  0  0  1  0  1  1  1  1  0  0  0  0  1  1  1  1  1  1  1  1  1  1  0  1  1  0  15.5786746017
1.0  0  0  0  0  1  0  0  0  0  1  1  1  1  1  1  1  1  1  0  0  0  0  1  1  1  1  1  1  1  1  1  0  15.7094792415
1.0  0  0  0  1  1  0  1  1  0  0  0  0  0  1  0  0  0  0  1  1  1  1  1  1  0  0  1  0  0  0  1  1  15.7131287221
1.0  1  1  0  0  1  1  0  0  0  1  1  1  1  1  1  1  1  1  1  1  1  1  1  1  0  0  0  1  1  1  0  0  15.4636882227
1.0  0  0  1  0  0  0  0  0  0  1  1  1  0  0  0  0  0  0  0  0  1  0  0  0  0  0  0  1  0  1  0  0  16.2004525143
1.0  1  0  0  1  1  1  1  1  0  0  0  0  0  0  0  0  0  1  1  1  1  1  1  0  1  0  0  0  1  1  0  0  15.747046831
1.0  0  0  1  1  1  1  0  0  1  1  1  1  1  1  1  0  0  0  1  0  0  0  0  0  0  1  1  0  0  0  0  0  16.0873716592
1.0  0  1  1  0  1  0  0  0  0  0  0  0  1  1  1  1  0  0  0  0  1  0  1  1  1  1  1  1  1  1  1  0  15.6919183635
1.0  0  0  0  0  0  1  1  1  1  1  0  0  0  0  1  1  1  1  1  1  1  1  1  1  1  0  0  0  0  0  0  1  15.6415587575
1.0  0  1  0  1  0  0  0  0  0  0  0  0  0  0  0  1  0  0  0  0  0  1  0  1  0  0  0  0  0  0  1  0  16.2959585542
1.0  1  1  0  0  0  0  0  0  0  1  0  0  0  0  0  0  1  1  1  0  0  0  0  1  1  0  1  1  1  0  0  0  16.0004409236
1.0  0  0  0  0  0  1  1  0  0  0  0  0  0  0  0  0  0  0  0  1  0  0  0  1  0  0  0  0  1  0  0  0  16.3147419587
1.0  1  0  1  1  1  1  1  1  1  1  1  0  1  1  1  0  0  0  1  0  0  0  1  1  1  0  0  0  0  1  0  1  15.8394035628
1.0  0  1  0  1  1  1  1  1  1  0  1  1  1  1  1  1  1  0  0  0  0  0  1  1  0  0  0  0  0  0  0  0  16.1771504071
1.0  0  1  1  0  1  1  0  1  0  1  1  1  1  1  0  0  0  1  0  1  0  0  0  0  0  0  0  0  1  1  1  1  15.7193807323
1.0  0  1  0  0  0  0  0  0  0  1  1  0  1  0  0  0  0  0  0  1  0  0  0  1  1  0  1  0  0  0  0  0  16.1504321282
1.0  1  1  1  1  0  1  1  1  1  0  1  0  0  1  1  1  0  0  1  1  1  1  0  0  0  1  1  1  1  1  1  0  15.4823441895
1.0  1  1  1  1  1  1  1  1  1  1  1  1  0  0  0  0  0  0  0  0  0  0  0  1  1  1  0  0  0  0  0  1  16.3113665751
1.0  1  0  0  0  0  0  0  0  0  0  0  0  1  1  1  0  0  0  0  0  0  1  1  1  1  1  1  1  1  1  1  1  16.0171837989
1.0  0  0  0  0  0  0  0  0  0  0  0  0  0  0  0  1  1  0  0  0  0  0  0  0  0  0  0  0  0  0  0  0  16.5539260006
1.0  0  0  0  0  0  0  1  1  1  1  1  1  1  1  1  1  1  1  0  0  0  0  0  0  0  0  0  0  0  0  0  0  16.0081067797
1.0  1  1  1  1  0  0  0  0  0  0  0  0  0  0  0  0  0  0  0  0  0  0  0  0  0  0  0  0  0  0  0  0  16.8578364064
1.0  0  0  0  0  0  0  0  0  0  0  0  0  0  0  0  0  1  1  1  1  1  1  1  1  1  1  1  1  1  1  1  0  16.6608161818
1.0  1  1  1  1  1  1  1  1  0  0  0  0  0  0  0  0  1  1  1  1  1  1  1  1  1  1  1  1  1  1  1  1  15.3644361441
1.0  1  1  1  1  1  1  1  0  1  1  0  0  1  1  1  1  0  0  0  1  1  1  1  0  0  0  0  0  0  0  1  1  15.8579136547
1.0  0  0  0  0  0  1  1  1  1  1  1  1  1  0  0  0  0  0  0  0  0  0  0  0  0  0  0  0  0  0  0  0  16.4334220462
1.0  1  1  1  1  1  1  1  1  1  1  1  1  1  1  1  1  1  1  1  0  0  0  0  0  0  0  0  0  0  0  0  0  16.8293325653
1.0  0  0  1  1  1  1  0  1  1  1  1  1  1  1  1  1  1  1  1  1  1  1  1  1  1  1  1  1  1  1  1  1  15.3901199034
1.0  1  1  1  1  1  1  1  1  1  1  1  1  1  1  1  1  1  1  0  0  0  0  0  1  1  1  1  1  1  1  0  0  15.5978715084
1.0  0  0  1  0  1  1  1  1  1  1  1  1  1  1  1  0  0  0  0  0  0  0  0  0  0  1  1  1  1  0  0  0  15.8995765167
1.0  0  0  0  1  1  1  1  1  1  1  1  1  1  1  1  1  1  1  1  1  1  1  1  0  0  0  0  0  0  0  0  0  15.7351848131
1.0  1  1  1  1  0  0  0  0  0  0  0  0  0  0  0  0  0  0  0  0  0  0  0  0  0  0  0  0  0  1  1  1  16.1971657364
1.0  1  1  1  0  0  0  0  0  0  1  0  0  0  0  0  0  0  0  0  0  0  0  0  0  0  0  0  0  0  1  1  1  16.1391713654
1.0  0  0  0  0  0  0  0  0  0  0  0  0  0  0  0  0  0  0  1  1  1  1  1  1  1  1  1  1  1  1  1  1  16.774359711
1.0  1  1  1  1  1  1  1  1  1  1  1  1  1  1  1  1  1  1  1  1  1  1  1  1  1  1  1  1  1  1  1  0  15.3046920505
1.0  1  1  1  0  0  0  0  0  0  0  0  0  0  0  1  1  1  1  1  1  1  1  1  1  1  1  1  1  1  1  1  1  16.0268677692
1.0  0  0  0  0  0  0  0  1  1  1  1  1  1  1  1  1  1  1  1  1  1  1  1  1  1  1  1  1  0  0  0  0  15.6499094091
1.0  1  1  1  1  1  1  1  1  1  1  1  1  1  1  1  0  0  0  0  0  0  0  0  0  0  0  0  0  0  1  1  1  16.2945344846
1.0  0  0  0  0  0  0  0  0  1  1  1  1  1  1  1  1  0  0  0  0  0  0  0  1  1  1  1  1  1  1  1  1  15.6935383092
1.0  0  0  0  0  0  0  0  0  0  0  0  0  0  0  0  0  0  1  1  1  1  1  1  1  1  1  1  1  1  1  1  1  16.8225632642
1.0  1  1  1  1  1  1  1  1  1  1  0  0  0  0  1  1  1  1  1  0  0  0  0  0  0  1  1  1  1  1  1  1  15.501738605
1.0  1  1  1  1  1  0  0  0  0  0  0  0  0  0  0  1  0  0  0  0  0  0  0  0  0  0  1  1  1  1  1  0  15.9646306272
1.0  0  0  0  1  1  1  1  0  0  0  1  1  1  0  0  0  0  0  1  0  0  0  0  0  0  0  0  0  1  1  1  0  15.9681575183
1.0  1  1  1  1  1  0  0  0  0  0  0  0  0  0  0  0  0  0  0  0  0  0  0  0  0  0  0  0  0  0  0  0  16.9047828726
1.0  0  0  0  0  0  0  0  0  0  0  0  0  0  0  0  0  0  0  0  0  0  0  0  0  0  0  0  0  0  0  0  0  16.7123519888
1.0  1  1  1  1  1  1  1  1  1  1  1  0  0  0  0  0  0  1  1  0  0  0  0  0  0  0  0  0  0  0  0  0  16.9250060658
1.0  1  1  1  1  0  0  0  0  0  0  0  0  0  1  1  1  1  1  1  1  1  0  0  0  0  1  1  1  0  0  0  0  15.8296785445
1.0  1  1  1  1  1  0  0  0  0  0  0  0  0  0  0  0  0  0  0  0  0  0  0  0  0  0  0  0  1  1  1  1  16.0316866991
1.0  0  0  0  1  0  0  0  1  1  1  1  1  1  1  1  1  1  1  1  1  1  1  1  1  1  1  1  1  1  1  1  1  15.7571824249
1.0  0  0  0  0  0  0  0  0  0  0  0  1  1  1  1  1  0  0  0  0  0  0  0  0  0  0  0  1  1  1  1  1  15.9016473514
1.0  0  0  0  0  0  1  1  1  1  1  1  1  1  1  1  1  1  1  1  1  1  1  1  1  1  1  1  1  1  1  1  1  15.6822481759
1.0  1  1  1  0  0  0  0  0  0  0  0  1  1  1  1  1  1  1  1  0  0  1  1  1  1  1  1  1  1  1  1  0  15.6669884157
1.0  1  1  1  1  1  1  1  1  1  1  1  1  1  1  0  0  0  0  0  1  1  1  1  0  0  0  0  0  0  0  0  1  16.2143671835
1.0  1  1  1  1  1  1  1  1  1  1  1  1  0  0  0  0  0  0  0  0  0  0  0  0  0  0  0  0  1  1  1  1  16.1554618124
1.0  0  0  0  0  0  1  1  1  1  0  0  1  1  1  1  0  0  0  0  0  0  0  0  0  0  0  1  1  0  0  0  0  16.0692845105
1.0  0  0  0  0  0  0  0  1  1  1  0  0  0  0  0  0  0  0  0  0  0  0  0  0  0  0  0  0  0  0  0  0  16.551535551
1.0  1  1  1  0  0  0  0  0  0  0  1  1  0  0  0  0  0  0  0  0  0  0  1  1  1  1  1  1  1  0  0  0  15.9112940604
1.0  1  1  1  0  1  1  1  1  1  1  1  1  0  0  0  0  0  0  0  1  1  1  1  0  0  0  1  1  1  1  0  0  15.7604990781
1.0  0  0  0  1  1  1  0  0  0  0  0  0  0  0  1  1  1  1  1  0  0  0  0  0  0  1  0  0  0  1  0  1  15.8718046954
1.0  1  1  1  1  1  1  1  1  1  1  1  1  1  1  1  1  1  1  1  1  1  1  1  0  0  0  0  0  0  0  0  0  16.1036029316
1.0  1  1  1  1  1  1  1  0  1  1  1  1  0  1  1  1  1  1  1  1  1  1  1  1  1  0  0  0  0  0  0  0  15.7203441892
1.0  1  1  1  1  1  1  1  1  1  1  1  1  1  1  0  0  0  0  0  0  0  0  0  0  0  0  0  0  0  0  0  1  16.8649344096
1.0  1  1  1  1  1  0  0  0  0  0  0  0  0  0  0  0  0  0  0  1  1  1  1  1  1  1  1  1  1  1  1  1  15.5536573805
1.0  1  1  1  1  1  1  1  1  1  0  0  0  0  0  0  0  0  0  0  0  0  0  0  0  1  1  1  1  1  1  1  1  15.5859486924
1.0  1  1  1  1  1  1  0  0  0  0  0  0  0  0  0  1  0  0  0  0  0  0  0  1  1  1  1  1  1  0  0  0  15.9691218082
1.0  0  0  0  0  0  0  0  1  1  1  1  1  1  1  1  1  1  1  1  1  1  1  1  1  1  1  1  1  1  1  1  1  15.9420137551
1.0  1  1  1  1  1  1  1  1  1  1  1  1  1  1  1  0  0  0  0  0  0  0  0  0  0  0  0  0  0  0  0  0  17.1884399117
1.0  1  1  1  1  1  1  0  0  0  0  0  0  1  1  1  1  1  1  1  1  1  1  1  1  0  0  0  0  0  0  0  0  15.7713962057
1.0  0  0  0  0  0  0  0  1  1  0  0  1  1  1  0  0  0  0  0  0  0  0  0  0  0  0  0  0  0  0  0  0  16.3733151963
1.0  1  0  0  0  1  1  1  1  1  1  1  1  1  1  0  0  0  0  0  0  0  0  1  1  0  0  0  0  0  0  0  0  16.2644743847
1.0  0  0  0  0  0  0  0  0  0  0  0  0  1  1  1  1  1  1  1  1  1  1  1  1  1  1  1  0  0  0  0  0  16.1090406663
1.0  0  0  0  0  0  0  1  1  1  1  1  1  1  1  1  0  0  0  0  0  0  1  1  1  1  1  1  1  0  0  0  0  15.6776750909
1.0  1  0  0  0  0  0  0  0  0  0  0  0  0  0  0  0  1  1  1  1  1  1  1  1  1  1  1  1  1  1  1  1  16.5978501902
1.0  1  1  1  1  0  0  0  1  1  1  1  1  1  1  0  0  0  0  0  0  0  0  0  0  0  0  0  0  0  0  0  0  16.6557298947
1.0  0  0  0  0  0  0  0  0  0  0  0  0  0  0  0  0  0  0  0  0  0  0  0  0  0  0  0  0  0  0  0  0  16.7292550797
1.0  1  1  1  0  0  0  0  1  1  1  1  1  1  1  1  1  1  1  1  1  1  1  1  1  1  1  1  1  1  1  1  1  15.4681171841
1.0  0  0  0  0  0  1  1  1  1  1  1  1  0  0  0  0  0  0  0  0  0  0  0  1  1  1  1  1  1  1  1  1  15.5460924504
1.0  1  0  0  0  0  0  0  0  0  0  0  0  0  0  0  0  0  0  0  0  0  0  1  1  1  1  1  1  1  0  0  0  16.168195199
1.0  0  0  0  1  1  1  0  0  0  0  0  0  0  0  0  0  0  0  0  0  0  0  0  0  0  0  0  0  0  0  0  0  16.6549984809
1.0  0  0  0  0  0  0  0  0  0  0  0  0  0  0  0  0  0  1  1  1  1  1  1  0  0  0  0  0  0  0  0  0  16.2941695895
1.0  0  0  0  0  0  0  0  0  0  0  0  0  1  1  1  1  1  0  0  0  0  0  0  0  0  0  0  0  0  1  1  1  15.9950040955