0.0  1  1  0  1  1  1  0  1  1  1  0  0  1  0  1  0  1  1  0  1  0  0  1  0  1  0  1  0  0  1  0  1  16.0141732741
0.0  1  1  1  0  0  0  1  0  0  1  1  1  1  0  0  1  1  0  1  0  1  1  0  0  1  1  1  1  0  0  0  0  16.0791225373
0.0  0  0  0  1  1  1  1  0  0  1  1  0  0  1  1  1  1  0  1  0  1  1  0  1  0  0  0  1  0  1  0  1  15.979886493
0.0  0  1  1  0  0  1  0  0  0  1  0  0  0  0  1  1  1  1  0  1  1  0  1  1  1  1  0  0  1  1  1  1  15.8579996003
0.0  0  1  0  0  1  0  0  0  0  0  0  0  0  1  1  1  0  1  1  0  1  1  0  0  1  0  1  1  0  0  1  1  16.0691964847
0.0  0  0  0  1  1  0  0  1  1  0  0  1  0  1  0  1  0  1  1  1  1  1  1  0  0  1  1  0  0  1  0  1  15.9441237034
0.0  0  1  0  1  0  0  1  0  1  0  0  1  1  0  1  0  1  1  0  1  0  1  0  1  0  0  1  0  0  1  0  1  16.0761039708
0.0  1  1  0  0  0  1  1  0  1  0  1  0  0  1  0  0  0  1  1  0  1  0  1  0  1  1  0  0  0  1  1  1  16.0085253605
0.0  0  1  0  1  0  0  0  1  1  0  1  0  0  1  1  1  0  0  1  0  1  1  1  1  0  1  1  0  0  1  1  1  15.8727145441
0.0  0  0  1  0  0  0  0  0  0  0  1  1  1  0  1  1  0  1  1  1  1  1  1  1  1  1  0  0  1  0  1  0  15.9112184539
0.0  0  0  0  1  0  0  1  1  0  0  1  0  0  1  0  1  0  1  0  0  1  1  1  1  0  1  0  1  1  1  0  1  15.9348505612
0.0  1  0  0  1  1  0  0  0  0  0  0  1  0  0  1  1  1  1  1  0  0  1  0  0  0  1  1  1  1  1  1  1  15.8981482217
0.0  0  0  1  1  0  0  0  0  1  0  0  0  0  1  1  1  0  1  1  0  1  0  1  1  0  1  1  0  0  1  0  0  16.1163795911
0.0  1  0  1  1  0  0  0  1  1  1  0  1  0  1  1  1  1  0  1  1  1  0  0  1  0  0  1  1  0  0  1  0  16.0096688396
0.0  1  1  1  1  1  1  1  1  1  0  1  0  1  0  0  0  1  0  0  0  0  0  0  0  1  0  0  0  0  0  0  1  16.2729044319
0.0  0  0  1  1  1  1  1  1  1  1  1  1  0  0  0  0  0  1  0  1  0  0  0  0  0  1  0  1  0  0  1  1  16.0483135071
0.0  1  1  1  1  0  0  1  1  0  1  1  1  0  1  1  1  0  1  0  0  0  0  0  0  1  1  1  1  0  0  1  1  15.9493232638
0.0  0  0  0  1  1  1  0  0  0  0  0  0  1  0  0  1  1  0  0  0  0  0  0  0  0  0  0  0  0  1  1  0  16.395059318
0.0  0  1  1  1  1  1  1  0  0  0  1  1  0  0  1  1  0  1  1  0  0  0  0  1  1  0  0  0  0  0  1  1  16.1031979159
0.0  1  1  1  1  1  1  1  0  1  1  0  0  0  0  0  0  0  0  0  0  1  1  1  1  1  1  1  1  0  0  1  1  15.9109027755
0.0  0  1  1  0  0  1  0  1  1  1  0  0  0  0  0  1  1  0  0  0  1  1  1  1  0  0  0  0  1  1  0  1  16.0856461691
0.0  0  0  0  0  1  1  1  1  1  1  1  0  0  0  0  0  1  1  0  1  1  1  0  0  1  1  1  0  0  0  0  0  16.1076914309
0.0  0  1  0  0  0  0  1  1  0  0  1  1  1  1  0  0  1  0  0  1  1  0  0  0  0  0  1  0  0  0  0  0  16.3115193148
0.0  1  1  0  1  0  0  1  1  0  1  1  1  0  0  0  0  1  1  1  1  1  0  1  0  0  0  0  1  0  0  0  0  16.1947189534
0.0  0  0  0  0  1  1  1  0  0  1  1  1  1  1  0  1  0  0  0  0  1  1  0  0  0  0  0  0  0  0  0  0  16.3111284604
0.0  1  1  1  0  0  1  0  0  0  0  0  0  1  0  1  1  0  0  0  0  0  0  1  1  0  0  1  1  1  1  1  1  16.0297240091
0.0  1  1  0  0  0  0  0  0  0  0  0  0  1  1  0  0  1  1  0  0  0  1  0  0  0  0  0  0  0  0  0  1  16.4020731987
0.0  0  1  1  0  0  0  0  0  1  1  1  1  1  1  1  0  1  0  1  0  0  0  1  1  1  1  1  1  1  1  1  1  15.6824478946
0.0  1  0  1  1  1  0  0  0  0  0  0  0  1  1  1  1  1  0  0  0  1  1  1  1  1  1  1  0  1  0  1  1  15.8385534394
0.0  1  0  1  1  1  1  1  1  1  0  0  1  1  1  1  1  1  0  0  1  1  0  0  1  1  1  0  1  1  0  0  0  15.940843775
0.0  1  1  1  1  1  1  1  0  1  0  0  0  0  1  1  0  0  1  1  1  1  0  0  0  0  0  0  1  0  1  1  1  15.9952612458
0.0  0  1  1  1  1  1  0  0  0  1  1  1  1  0  0  0  1  1  1  1  0  0  0  1  1  1  0  0  0  0  0  1  16.0685784034
0.0  1  1  1  1  1  1  0  1  0  0  0  0  1  0  0  0  0  1  1  1  1  1  1  1  1  0  0  0  1  1  1  1  15.8702554207
0.0  0  0  0  1  1  1  0  1  1  1  0  0  0  1  1  1  1  0  0  0  0  0  0  1  1  0  0  0  1  1  0  0  16.158249014
0.0  0  1  1  1  1  1  1  1  1  0  0  0  1  1  1  0  0  0  0  0  1  1  1  0  0  0  0  0  1  1  1  1  15.9704824363
0.0  1  0  0  0  0  0  0  0  0  1  0  0  1  1  0  0  0  1  0  0  0  0  0  0  1  1  0  0  0  1  0  0  16.3995940394
0.0  1  1  1  0  1  1  0  1  1  1  1  1  1  1  1  0  0  0  0  0  0  0  0  1  0  1  1  1  1  1  0  0  15.9967494801
0.0  0  1  0  0  0  0  0  1  1  0  0  0  0  1  1  1  1  1  1  1  1  1  1  1  1  1  1  1  1  1  0  0  15.7482424566
0.0  0  0  1  1  1  0  0  0  0  0  0  0  1  1  1  1  1  0  0  0  1  1  0  0  0  1  1  0  1  1  0  0  16.1308342023
0.0  1  1  0  1  0  0  1  1  1  1  1  1  1  0  1  0  0  0  0  0  0  0  1  1  1  1  0  0  0  1  1  0  16.0536344316
0.0  1  1  0  0  0  0  1  1  0  0  1  1  1  0  0  0  0  1  1  0  0  0  0  0  0  0  1  1  1  1  1  1  16.0341459981
0.0  1  0  0  0  0  0  1  1  1  1  0  0  0  0  0  0  0  0  1  0  0  0  0  0  0  0  0  0  1  1  1  0  16.3321578873
0.0  0  1  1  1  0  0  0  0  1  1  1  1  1  1  0  1  1  1  0  0  1  0  1  0  0  0  1  1  1  0  1  1  15.8852690568
0.0  0  1  1  1  1  0  0  0  0  0  0  0  0  0  1  1  0  0  0  0  1  0  0  0  1  1  1  1  0  0  0  0  16.3077113367
0.0  1  1  1  1  1  1  1  1  0  0  0  0  0  0  0  1  1  0  1  1  0  0  0  0  0  0  1  1  0  0  0  0  16.2601780032
0.0  0  1  1  1  1  0  0  0  1  0  1  1  1  1  0  0  1  1  1  1  1  0  0  1  1  1  1  0  0  0  0  0  16.0460800018
0.0  1  1  1  1  1  0  0  0  1  0  1  1  1  0  1  0  1  1  0  1  1  0  1  1  0  1  0  1  0  0  0  0  16.088897376
0.0  0  0  0  1  1  0  0  0  0  0  0  0  0  0  0  1  1  1  0  0  0  0  1  1  1  1  1  0  0  0  1  1  16.1325694384
0.0  0  0  0  0  0  0  0  1  1  0  0  0  1  0  0  0  0  0  1  1  0  0  0  0  0  1  0  0  0  0  0  1  16.4052986705
0.0  1  1  0  0  0  0  0  0  0  1  1  1  1  1  0  0  0  1  1  1  1  1  1  1  1  0  0  0  0  0  0  1  16.0367948724
0.0  1  1  0  0  0  0  1  1  1  0  0  1  1  1  1  1  1  1  1  0  0  0  1  1  1  1  1  1  1  1  0  0  15.8081415551
0.0  0  0  0  1  1  1  1  1  0  0  0  0  0  1  0  0  0  1  1  1  1  1  0  0  0  0  1  1  1  1  1  0  15.9962756539
0.0  0  1  1  1  0  0  1  0  1  0  0  1  1  1  1  1  1  1  1  1  0  0  0  0  0  1  1  0  1  0  1  0  15.9734414198
0.0  0  0  0  0  0  0  1  1  1  1  0  1  0  0  0  1  0  0  0  0  0  1  1  0  0  0  1  1  1  0  0  0  16.2247639382
0.0  1  1  0  0  0  1  1  0  1  1  1  1  1  0  0  0  1  1  1  1  1  1  1  1  1  1  1  1  1  1  1  1  15.4947586599
0.0  1  1  0  1  1  1  1  1  0  1  1  1  1  1  0  0  0  0  0  0  1  1  1  1  1  0  0  0  1  1  1  1  15.8299396436
0.0  0  0  0  0  0  1  0  1  0  0  0  0  1  1  1  1  1  0  0  0  1  0  0  0  0  1  1  1  0  0  0  1  16.1662425558
0.0  1  0  0  0  0  0  0  1  0  0  0  0  1  0  0  0  1  1  1  0  0  0  1  1  0  0  0  0  1  1  1  1  16.1203286921
0.0  1  1  1  0  1  1  1  0  0  1  1  1  1  1  1  0  0  0  0  1  0  1  1  1  0  0  1  0  0  0  1  1  15.9776131824
0.0  1  0  0  0  0  1  1  1  0  0  0  1  1  1  1  1  1  1  1  1  0  1  0  0  1  0  0  0  0  0  1  1  15.9851281695
0.0  0  0  1  0  0  1  1  1  1  0  0  1  1  0  0  1  1  0  0  0  1  1  1  1  0  1  1  1  1  1  1  1  15.7201868233
0.0  1  1  0  0  1  0  0  0  1  0  1  1  1  1  0  0  0  0  1  1  1  1  1  1  1  1  1  1  0  1  1  0  15.8188563977
0.0  0  0  0  0  1  0  0  0  0  1  1  1  1  1  1  1  1  1  0  0  0  0  1  1  1  1  1  1  1  1  1  0  15.8035427897
0.0  0  0  0  1  1  0  1  1  0  0  0  0  0  1  0  0  0  0  1  1  1  1  1  1  0  0  1  0  0  0  1  1  16.0464708155
0.0  1  1  0  0  1  1  0  0  0  1  1  1  1  1  1  1  1  1  1  1  1  1  1  1  0  0  0  1  1  1  0  0  15.8147176929
0.0  0  0  1  0  0  0  0  0  0  1  1  1  0  0  0  0  0  0  0  0  1  0  0  0  0  0  0  1  0  1  0  0  16.4298399544
0.0  1  0  0  1  1  1  1  1  0  0  0  0  0  0  0  0  0  1  1  1  1  1  1  0  1  0  0  0  1  1  0  0  16.1315878104
0.0  0  0  1  1  1  1  0  0  1  1  1  1  1  1  1  0  0  0  1  0  0  0  0  0  0  1  1  0  0  0  0  0  16.2298790513
0.0  0  1  1  0  1  0  0  0  0  0  0  0  1  1  1  1  0  0  0  0  1  0  1  1  1  1  1  1  1  1  1  0  15.918202403
0.0  0  0  0  0  0  1  1  1  1  1  0  0  0  0  1  1  1  1  1  1  1  1  1  1  1  0  0  0  0  0  0  1  15.9540171761
0.0  0  1  0  1  0  0  0  0  0  0  0  0  0  0  0  1  0  0  0  0  0  1  0  1  0  0  0  0  0  0  1  0  16.4899376144
0.0  1  1  0  0  0  0  0  0  0  1  0  0  0  0  0  0  1  1  1  0  0  0  0  1  1  0  1  1  1  0  0  0  16.2726956806
0.0  0  0  0  0  0  1  1  0  0  0  0  0  0  0  0  0  0  0  0  1  0  0  0  1  0  0  0  0  1  0  0  0  16.5260016241
0.0  1  0  1  1  1  1  1  1  1  1  1  0  1  1  1  0  0  0  1  0  0  0  1  1  1  0  0  0  0  1  0  1  15.9852062456
0.0  0  1  0  1  1  1  1  1  1  0  1  1  1  1  1  1  1  0  0  0  0  0  1  1  0  0  0  0  0  0  0  0  16.1600966849
0.0  0  1  1  0  1  1  0  1  0  1  1  1  1  1  0  0  0  1  0  1  0  0  0  0  0  0  0  0  1  1  1  1  16.0222388727
0.0  0  1  0  0  0  0  0  0  0  1  1  0  1  0  0  0  0  0  0  1  0  0  0  1  1  0  1  0  0  0  0  0  16.4068017314
0.0  1  1  1  1  0  1  1  1  1  0  1  0  0  1  1  1  0  0  1  1  1  1  0  0  0  1  1  1  1  1  1  0  15.8396581712
0.0  1  1  1  1  1  1  1  1  1  1  1  1  0  0  0  0  0  0  0  0  0  0  0  1  1  1  0  0  0  0  0  1  16.1645220322
0.0  1  0  0  0  0  0  0  0  0  0  0  0  1  1  1  0  0  0  0  0  0  1  1  1  1  1  1  1  1  1  1  1  15.8688552965
0.0  0  0  0  0  0  0  0  0  0  0  0  0  0  0  0  1  1  0  0  0  0  0  0  0  0  0  0  0  0  0  0  0  16.6624646332
0.0  0  0  0  0  0  0  1  1  1  1  1  1  1  1  1  1  1  1  0  0  0  0  0  0  0  0  0  0  0  0  0  0  16.2337186608
0.0  1  1  1  1  0  0  0  0  0  0  0  0  0  0  0  0  0  0  0  0  0  0  0  0  0  0  0  0  0  0  0  0  16.656524719
0.0  0  0  0  0  0  0  0  0  0  0  0  0  0  0  0  0  1  1  1  1  1  1  1  1  1  1  1  1  1  1  1  0  15.8485032069
0.0  1  1  1  1  1  1  1  1  0  0  0  0  0  0  0  0  1  1  1  1  1  1  1  1  1  1  1  1  1  1  1  1  15.5962235617
0.0  1  1  1  1  1  1  1  0  1  1  0  0  1  1  1  1  0  0  0  1  1  1  1  0  0  0  0  0  0  0  1  1  16.0021880553
0.0  0  0  0  0  0  1  1  1  1  1  1  1  1  0  0  0  0  0  0  0  0  0  0  0  0  0  0  0  0  0  0  0  16.4357068198
0.0  1  1  1  1  1  1  1  1  1  1  1  1  1  1  1  1  1  1  1  0  0  0  0  0  0  0  0  0  0  0  0  0  16.0904390431
0.0  0  0  1  1  1  1  0  1  1  1  1  1  1  1  1  1  1  1  1  1  1  1  1  1  1  1  1  1  1  1  1  1  15.3265038697
0.0  1  1  1  1  1  1  1  1  1  1  1  1  1  1  1  1  1  1  0  0  0  0  0  1  1  1  1  1  1  1  0  0  15.7316342526
0.0  0  0  1  0  1  1  1  1  1  1  1  1  1  1  1  0  0  0  0  0  0  0  0  0  0  1  1  1  1  0  0  0  16.0887570608
0.0  0  0  0  1  1  1  1  1  1  1  1  1  1  1  1  1  1  1  1  1  1  1  1  0  0  0  0  0  0  0  0  0  15.9293868728
0.0  1  1  1  1  0  0  0  0  0  0  0  0  0  0  0  0  0  0  0  0  0  0  0  0  0  0  0  0  0  1  1  1  16.4275945541
0.0  1  1  1  0  0  0  0  0  0  1  0  0  0  0  0  0  0  0  0  0  0  0  0  0  0  0  0  0  0  1  1  1  16.4150888339
0.0  0  0  0  0  0  0  0  0  0  0  0  0  0  0  0  0  0  0  1  1  1  1  1  1  1  1  1  1  1  1  1  1  15.8600511119
0.0  1  1  1  1  1  1  1  1  1  1  1  1  1  1  1  1  1  1  1  1  1  1  1  1  1  1  1  1  1  1  1  0  15.4356888723
0.0  1  1  1  0  0  0  0  0  0  0  0  0  0  0  1  1  1  1  1  1  1  1  1  1  1  1  1  1  1  1  1  1  15.6734394212
0.0  0  0  0  0  0  0  0  1  1  1  1  1  1  1  1  1  1  1  1  1  1  1  1  1  1  1  1  1  0  0  0  0  15.7303465084
0.0  1  1  1  1  1  1  1  1  1  1  1  1  1  1  1  0  0  0  0  0  0  0  0  0  0  0  0  0  0  1  1  1  16.0431096418
0.0  0  0  0  0  0  0  0  0  1  1  1  1  1  1  1  1  0  0  0  0  0  0  0  1  1  1  1  1  1  1  1  1  15.7938113877
0.0  0  0  0  0  0  0  0  0  0  0  0  0  0  0  0  0  0  1  1  1  1  1  1  1  1  1  1  1  1  1  1  1  15.8072419904
0.0  1  1  1  1  1  1  1  1  1  1  0  0  0  0  1  1  1  1  1  0  0  0  0  0  0  1  1  1  1  1  1  1  15.7935801274
0.0  1  1  1  1  1  0  0  0  0  0  0  0  0  0  0  1  0  0  0  0  0  0  0  0  0  0  1  1  1  1  1  0  16.3050786799
0.0  0  0  0  1  1  1  1  0  0  0  1  1  1  0  0  0  0  0  1  0  0  0  0  0  0  0  0  0  1  1  1  0  16.2579817808
0.0  1  1  1  1  1  0  0  0  0  0  0  0  0  0  0  0  0  0  0  0  0  0  0  0  0  0  0  0  0  0  0  0  16.630598269
0.0  0  0  0  0  0  0  0  0  0  0  0  0  0  0  0  0  0  0  0  0  0  0  0  0  0  0  0  0  0  0  0  0  16.7373077586
0.0  1  1  1  1  1  1  1  1  1  1  1  0  0  0  0  0  0  1  1  0  0  0  0  0  0  0  0  0  0  0  0  0  16.363976143
0.0  1  1  1  1  0  0  0  0  0  0  0  0  0  1  1  1  1  1  1  1  1  0  0  0  0  1  1  1  0  0  0  0  16.1668876282
0.0  1  1  1  1  1  0  0  0  0  0  0  0  0  0  0  0  0  0  0  0  0  0  0  0  0  0  0  0  1  1  1  1  16.3421710848
0.0  0  0  0  1  0  0  0  1  1  1  1  1  1  1  1  1  1  1  1  1  1  1  1  1  1  1  1  1  1  1  1  1  15.4138572541
0.0  0  0  0  0  0  0  0  0  0  0  0  1  1  1  1  1  0  0  0  0  0  0  0  0  0  0  0  1  1  1  1  1  16.1681061637
0.0  0  0  0  0  0  1  1  1  1  1  1  1  1  1  1  1  1  1  1  1  1  1  1  1  1  1  1  1  1  1  1  1  15.3449864259
0.0  1  1  1  0  0  0  0  0  0  0  0  1  1  1  1  1  1  1  1  0  0  1  1  1  1  1  1  1  1  1  1  0  15.7535919153
0.0  1  1  1  1  1  1  1  1  1  1  1  1  1  1  0  0  0  0  0  1  1  1  1  0  0  0  0  0  0  0  0  1  16.0598444768
0.0  1  1  1  1  1  1  1  1  1  1  1  1  0  0  0  0  0  0  0  0  0  0  0  0  0  0  0  0  1  1  1  1  16.1051730385
0.0  0  0  0  0  0  1  1  1  1  0  0  1  1  1  1  0  0  0  0  0  0  0  0  0  0  0  1  1  0  0  0  0  16.3165598967
0.0  0  0  0  0  0  0  0  1  1  1  0  0  0  0  0  0  0  0  0  0  0  0  0  0  0  0  0  0  0  0  0  0  16.6231924427
0.0  1  1  1  0  0  0  0  0  0  0  1  1  0  0  0  0  0  0  0  0  0  0  1  1  1  1  1  1  1  0  0  0  16.2524598693
0.0  1  1  1  0  1  1  1  1  1  1  1  1  0  0  0  0  0  0  0  1  1  1  1  0  0  0  1  1  1  1  0  0  16.0040627695
0.0  0  0  0  1  1  1  0  0  0  0  0  0  0  0  1  1  1  1  1  0  0  0  0  0  0  1  0  0  0  1  0  1  16.2601397051
0.0  1  1  1  1  1  1  1  1  1  1  1  1  1  1  1  1  1  1  1  1  1  1  1  0  0  0  0  0  0  0  0  0  15.8893654339
0.0  1  1  1  1  1  1  1  0  1  1  1  1  0  1  1  1  1  1  1  1  1  1  1  1  1  0  0  0  0  0  0  0  15.8732130228
0.0  1  1  1  1  1  1  1  1  1  1  1  1  1  1  0  0  0  0  0  0  0  0  0  0  0  0  0  0  0  0  0  1  16.2223463763
0.0  1  1  1  1  1  0  0  0  0  0  0  0  0  0  0  0  0  0  0  1  1  1  1  1  1  1  1  1  1  1  1  1  15.8302974431
0.0  1  1  1  1  1  1  1  1  1  0  0  0  0  0  0  0  0  0  0  0  0  0  0  0  1  1  1  1  1  1  1  1  15.9966948042
0.0  1  1  1  1  1  1  0  0  0  0  0  0  0  0  0  1  0  0  0  0  0  0  0  1  1  1  1  1  1  0  0  0  16.240385258
0.0  0  0  0  0  0  0  0  1  1  1  1  1  1  1  1  1  1  1  1  1  1  1  1  1  1  1  1  1  1  1  1  1  15.3753737515
0.0  1  1  1  1  1  1  1  1  1  1  1  1  1  1  1  0  0  0  0  0  0  0  0  0  0  0  0  0  0  0  0  0  16.2755449451
0.0  1  1  1  1  1  1  0  0  0  0  0  0  1  1  1  1  1  1  1  1  1  1  1  1  0  0  0  0  0  0  0  0  16.0683187291
0.0  0  0  0  0  0  0  0  1  1  0  0  1  1  1  0  0  0  0  0  0  0  0  0  0  0  0  0  0  0  0  0  0  16.5288300485
0.0  1  0  0  0  1  1  1  1  1  1  1  1  1  1  0  0  0  0  0  0  0  0  1  1  0  0  0  0  0  0  0  0  16.2734321857
0.0  0  0  0  0  0  0  0  0  0  0  0  0  1  1  1  1  1  1  1  1  1  1  1  1  1  1  1  0  0  0  0  0  16.0151966961
0.0  0  0  0  0  0  0  1  1  1  1  1  1  1  1  1  0  0  0  0  0  0  1  1  1  1  1  1  1  0  0  0  0  16.0165480472
0.0  1  0  0  0  0  0  0  0  0  0  0  0  0  0  0  0  1  1  1  1  1  1  1  1  1  1  1  1  1  1  1  1  15.7313679659
0.0  1  1  1  1  0  0  0  1  1  1  1  1  1  1  0  0  0  0  0  0  0  0  0  0  0  0  0  0  0  0  0  0  16.4017029723
0.0  0  0  0  0  0  0  0  0  0  0  0  0  0  0  0  0  0  0  0  0  0  0  0  0  0  0  0  0  0  0  0  0  16.7083533725
0.0  1  1  1  0  0  0  0  1  1  1  1  1  1  1  1  1  1  1  1  1  1  1  1  1  1  1  1  1  1  1  1  1  15.4094218541
0.0  0  0  0  0  0  1  1  1  1  1  1  1  0  0  0  0  0  0  0  0  0  0  0  1  1  1  1  1  1  1  1  1  15.8987612858
0.0  1  0  0  0  0  0  0  0  0  0  0  0  0  0  0  0  0  0  0  0  0  0  1  1  1  1  1  1  1  0  0  0  16.3285822159
0.0  0  0  0  1  1  1  0  0  0  0  0  0  0  0  0  0  0  0  0  0  0  0  0  0  0  0  0  0  0  0  0  0  16.6286373061
0.0  0  0  0  0  0  0  0  0  0  0  0  0  0  0  0  0  0  1  1  1  1  1  1  0  0  0  0  0  0  0  0  0  16.4435123953
0.0  0  0  0  0  0  0  0  0  0  0  0  0  1  1  1  1  1  0  0  0  0  0  0  0  0  0  0  0  0  1  1  1  16.3001953988
