3.5  1  1  0  1  1  0  0  1  0  0  0  1  0  1  0  0  1  1  1  1  0  1  0  1  1  1  0  0  0  0  0  1  15.231252239
3.5  0  0  1  1  0  0  0  1  0  1  0  0  0  0  1  1  0  0  1  1  1  1  1  0  0  0  1  1  1  1  0  1  15.2499109825
3.5  0  1  0  1  0  1  0  1  0  0  0  0  1  1  0  1  1  0  0  1  1  1  1  1  1  1  1  1  1  1  1  0  15.3574768407
3.5  1  1  1  0  1  1  1  0  0  1  0  0  0  1  1  1  0  1  0  1  1  0  0  0  0  1  1  0  1  1  0  1  15.1383290187
3.5  0  1  1  1  1  1  1  0  1  0  0  1  0  1  0  1  1  0  0  0  1  1  0  0  0  1  0  1  0  0  0  0  15.7627192752
3.5  0  0  0  0  0  0  1  0  0  0  0  1  0  0  0  0  1  0  0  1  1  0  0  1  1  0  1  0  1  1  0  0  15.7074538553
3.5  0  0  1  0  0  1  0  1  1  1  0  0  0  0  1  1  0  0  0  1  0  0  0  1  0  1  0  1  1  0  0  1  15.2775490497
3.5  1  1  0  1  0  1  1  1  1  0  1  0  0  0  1  0  1  1  1  0  1  0  0  0  1  0  1  0  0  0  1  0  15.4657356213
3.5  0  1  1  1  1  1  1  1  1  0  1  0  1  0  0  0  0  1  0  1  0  0  0  0  1  0  1  1  1  1  1  0  15.2794970333
3.5  0  1  1  0  1  1  1  1  1  0  0  1  0  0  0  1  0  1  1  1  1  1  1  1  0  0  1  1  1  1  1  1  15.0002727363
3.5  0  1  0  0  0  0  1  1  0  1  0  0  0  1  0  0  0  0  0  0  1  0  1  1  1  1  1  1  1  1  1  0  15.3654882079
3.5  1  0  0  0  0  0  1  1  0  0  1  1  0  1  0  1  1  1  1  0  1  1  0  1  0  1  0  1  0  1  1  1  15.2328566943
3.5  0  0  0  1  0  0  1  0  0  0  1  0  0  1  1  1  0  1  0  0  0  1  0  0  1  0  0  1  0  0  1  1  15.3369401678
3.5  1  0  1  0  1  1  1  1  0  1  0  0  0  1  0  1  1  1  1  0  1  0  0  1  1  1  1  1  0  0  0  1  15.0520535759
3.5  0  1  1  1  1  1  0  0  1  1  1  0  1  0  1  1  1  0  1  1  0  0  0  1  1  0  0  0  0  0  1  1  15.2498450474
3.5  1  0  0  1  1  1  1  1  0  0  1  0  0  0  1  1  1  0  1  1  1  1  0  0  1  0  0  1  1  0  1  0  15.1527004396
3.5  1  1  0  0  1  0  1  0  0  0  0  0  0  1  0  0  0  1  1  0  1  1  1  1  0  0  1  0  0  1  1  0  15.2958454605
3.5  1  1  0  0  1  1  0  1  0  0  1  1  1  1  1  1  1  0  0  0  0  0  0  1  1  0  0  1  1  0  1  1  15.0956356975
3.5  1  1  0  0  1  1  0  0  0  1  0  0  0  1  1  0  0  1  0  1  1  1  0  0  0  1  1  0  0  1  1  0  15.2817300504
3.5  0  1  1  1  0  0  0  1  1  0  0  1  1  0  0  0  0  0  0  1  0  1  1  1  1  0  0  0  1  0  1  0  15.3438326791
3.5  1  0  1  0  1  1  0  0  1  1  1  1  0  0  1  1  1  0  1  0  1  1  1  1  0  0  0  1  0  0  0  1  15.1461723291
3.5  0  1  1  1  0  1  1  0  1  1  0  0  0  0  1  1  1  1  0  0  0  1  0  0  1  0  1  1  1  1  0  1  15.068076478
3.5  0  0  1  0  0  1  1  1  0  0  1  1  1  1  0  1  1  0  1  0  0  1  0  1  1  0  1  1  1  1  1  0  15.0804311179
3.5  1  1  1  1  1  1  1  1  0  0  0  0  1  0  0  0  0  0  0  0  1  1  1  1  0  1  0  0  0  0  1  1  15.5117221873
3.5  1  1  1  0  0  0  0  1  1  1  1  0  0  1  1  1  0  1  0  1  1  0  1  1  0  0  0  0  1  0  0  1  15.2115595687
3.5  0  1  1  0  1  1  1  0  1  0  1  0  0  0  1  1  0  0  1  0  1  0  1  1  0  1  1  0  1  0  1  1  15.0418244208
3.5  0  0  0  1  0  0  0  0  1  0  1  0  1  0  0  0  1  0  0  1  1  1  1  1  1  1  1  1  0  0  1  0  15.5331159957
3.5  1  0  0  0  1  1  0  1  1  0  0  1  1  0  0  0  1  1  0  0  0  0  0  1  0  0  1  1  0  0  1  1  15.2532073425
3.5  0  1  1  0  0  0  1  1  0  0  0  0  0  1  1  0  0  0  1  0  1  0  1  1  1  0  0  1  0  1  1  0  15.2766860545
3.5  1  0  0  1  0  0  0  0  1  0  1  0  0  0  1  0  0  0  0  1  1  0  0  0  1  1  1  1  1  1  0  0  15.3507364185
3.5  1  0  0  0  1  1  1  0  0  1  0  1  1  0  1  0  1  1  0  0  0  1  1  0  1  1  1  1  0  1  1  1  15.0536066578
3.5  0  0  0  0  0  0  1  1  1  1  0  1  1  0  0  1  0  0  0  1  0  1  0  1  0  0  1  1  1  0  0  1  15.2705223
3.5  1  1  0  1  1  1  0  0  0  1  0  1  0  1  0  0  1  1  1  0  0  1  1  1  0  1  1  1  1  1  0  0  15.0677554084
3.5  1  0  1  1  0  0  0  1  1  1  1  0  1  1  1  1  1  0  1  0  1  0  1  1  1  0  1  0  0  0  0  1  15.0834219371
3.5  1  0  1  0  1  1  0  0  1  1  0  0  0  1  1  1  1  1  1  0  0  0  0  1  0  0  0  0  1  1  1  0  15.2253892268
3.5  1  1  1  1  1  0  0  1  1  0  0  1  1  0  0  1  1  1  0  1  1  1  1  1  0  0  1  0  1  0  1  0  15.1221412245
3.5  0  1  1  0  0  1  0  0  1  0  1  0  1  1  1  0  1  1  0  0  0  1  0  0  1  1  0  1  0  1  1  0  15.1848602483
3.5  1  0  0  1  1  1  1  0  1  0  0  1  0  1  0  1  1  0  1  1  1  1  0  1  0  1  0  1  0  1  0  1  15.0479466604
3.5  1  0  1  1  1  0  1  1  1  0  0  1  1  1  0  0  0  0  0  0  0  0  0  1  1  1  1  1  0  1  1  1  15.0698534684
3.5  1  1  0  0  1  1  1  1  0  0  0  1  1  1  1  0  0  0  0  0  1  1  0  0  1  1  1  0  0  0  0  0  15.5403768613
3.5  0  0  1  1  1  0  0  0  0  1  1  0  1  1  1  0  1  1  1  1  1  1  0  0  0  1  1  1  1  1  1  1  15.2264317298
3.5  0  0  0  0  0  1  0  1  1  1  1  1  1  0  1  1  1  1  0  0  0  1  1  1  1  0  0  1  1  1  1  1  15.2927175617
3.5  0  0  0  0  0  0  0  0  0  0  0  0  1  1  0  0  1  1  1  1  0  1  1  1  1  1  1  1  1  1  1  1  17.6128267726
3.5  0  1  1  0  0  0  0  1  1  1  1  1  1  0  1  0  1  1  1  0  0  0  0  1  0  0  0  0  0  0  0  0  15.7609485008
3.5  0  0  1  1  1  1  1  1  1  1  1  1  1  0  0  1  0  0  0  1  1  1  0  0  0  0  0  0  1  1  1  1  15.2762447551
3.5  0  0  0  0  1  1  0  1  1  1  1  1  0  0  0  1  1  0  0  0  0  1  1  0  0  1  0  0  0  1  0  0  15.4410325528
3.5  0  0  0  0  0  0  1  1  1  0  0  0  0  0  0  0  0  0  0  0  1  0  0  0  0  1  1  0  0  0  0  0  15.9453597898
3.5  0  0  1  1  0  1  0  0  0  1  1  1  1  1  0  0  1  1  0  0  0  0  1  0  1  1  1  1  1  0  0  1  15.1035623961
3.5  1  1  1  0  1  0  0  0  0  0  0  1  1  1  1  0  1  1  1  1  0  0  1  1  1  1  1  1  0  1  0  0  15.1820982752
3.5  0  0  0  0  1  0  0  0  0  0  0  0  0  1  1  1  1  0  0  1  1  1  1  1  1  1  1  1  1  1  1  1  17.1638486657
3.5  1  1  1  1  1  1  0  0  0  1  1  1  1  1  0  0  1  1  0  0  1  1  0  0  1  1  1  1  1  1  1  1  14.9867115337
3.5  1  1  1  0  0  0  1  1  0  0  1  1  1  0  0  0  0  0  0  0  0  0  0  0  1  1  1  0  0  0  0  0  15.9408443873
3.5  1  0  0  0  0  1  1  1  1  1  1  1  1  1  0  1  1  1  0  1  1  1  1  1  1  1  0  0  0  0  0  1  14.9955448856
3.5  1  1  1  1  1  1  1  1  1  0  0  1  1  0  1  1  1  1  1  1  1  1  0  1  0  0  0  0  0  0  0  1  15.6277613359
3.5  0  0  0  0  1  1  1  0  1  1  1  1  0  1  1  1  1  1  1  1  0  0  0  0  0  1  1  0  1  0  1  1  15.0382990356
3.5  0  0  0  1  1  0  1  1  0  1  0  0  1  1  1  1  0  1  1  0  0  1  1  1  1  0  0  0  0  0  1  1  15.1138079868
3.5  1  1  1  1  1  0  0  0  0  0  0  1  1  0  0  0  0  0  0  0  0  0  0  0  0  1  1  1  1  0  0  0  15.8160260159
3.5  0  0  0  0  0  0  0  1  1  1  1  1  1  1  1  1  0  1  1  1  0  0  1  1  0  0  0  0  1  1  0  1  15.2480351113
3.5  0  0  0  1  1  1  1  1  1  1  1  1  0  0  1  1  0  0  0  1  1  1  1  1  0  0  0  0  0  0  0  1  15.3496150249
3.5  1  1  1  1  1  0  1  1  1  1  1  1  1  1  0  1  1  0  0  1  1  1  1  1  1  1  1  1  1  1  1  1  15.0777064757
3.5  0  1  1  1  1  1  1  1  0  1  0  0  0  1  1  1  1  1  1  1  1  1  0  1  1  0  0  0  0  1  1  1  15.020126106
3.5  1  0  0  0  1  1  1  1  1  0  0  1  1  1  0  0  0  1  1  0  0  0  0  0  0  0  0  0  0  1  1  1  15.4030494482
3.5  1  1  1  1  1  1  1  1  1  1  0  0  1  1  1  1  1  1  0  0  0  1  0  0  0  0  1  1  0  1  1  0  15.5833898788
3.5  0  0  0  0  1  1  0  0  0  0  1  1  1  0  1  1  1  1  1  1  1  1  1  1  1  1  1  1  1  1  0  1  16.0285892646
3.5  0  1  1  1  1  1  1  0  0  1  1  1  1  1  1  0  0  0  1  1  1  1  0  1  1  1  1  1  1  0  0  0  15.0279406834
3.5  0  0  1  1  1  0  0  0  0  0  0  0  1  1  1  0  0  1  1  1  1  1  1  1  1  1  1  1  0  0  1  0  15.3899721176
3.5  1  1  1  1  0  1  1  1  1  1  0  0  1  1  0  0  1  1  0  0  0  1  1  1  0  1  0  0  1  1  1  1  15.0963867617
3.5  1  1  0  1  1  0  0  0  0  0  1  1  1  1  1  1  0  0  0  0  0  0  1  1  1  0  1  1  1  1  0  0  15.1554664432
3.5  0  0  0  1  0  0  0  0  0  1  1  1  1  1  0  0  0  0  0  0  1  0  0  1  0  0  0  1  1  1  1  0  15.3422369901
3.5  1  1  1  1  0  0  0  0  0  0  0  1  0  1  1  1  1  1  1  1  1  1  1  1  1  1  1  1  1  1  1  0  15.6918322556
3.5  1  1  1  1  1  1  1  1  1  1  1  0  0  0  0  0  0  1  1  1  1  0  0  0  0  1  0  0  1  1  1  1  15.4078174299
3.5  0  0  1  1  0  0  1  1  0  1  1  1  1  1  1  1  0  1  1  0  0  0  0  0  1  1  1  1  1  1  1  1  15.0546973984
3.5  1  1  1  1  0  0  0  1  0  0  1  0  1  1  0  0  0  1  1  1  1  1  1  1  1  1  0  0  0  1  1  1  15.0694758985
3.5  1  1  1  1  1  1  1  1  1  0  0  0  0  1  0  0  0  0  0  1  1  1  1  0  1  1  0  0  1  1  0  0  15.4642636934
3.5  0  0  0  0  1  0  0  0  0  0  1  1  1  0  1  1  0  1  1  1  1  0  1  1  1  1  0  1  1  1  0  1  15.8208625206
3.5  0  0  0  1  1  1  1  1  0  1  1  1  1  0  0  0  0  0  0  0  1  0  1  0  1  1  0  0  1  1  1  0  15.2186997102
3.5  0  1  1  0  0  0  0  0  0  0  1  0  1  1  0  0  0  0  0  1  1  1  1  1  0  1  1  0  0  0  0  0  15.4817969362
3.5  0  0  0  0  0  0  1  1  1  1  1  1  1  1  1  1  1  1  0  0  0  0  0  0  0  0  0  0  0  0  0  0  16.193719139
3.5  0  0  0  1  0  0  0  1  1  0  0  0  0  0  0  0  0  1  1  1  1  1  1  0  0  0  1  0  0  0  0  0  15.5934861476
3.5  1  1  1  0  1  1  1  1  1  0  0  0  0  1  0  0  0  0  0  1  1  1  1  1  1  1  0  0  1  0  1  1  15.0859202332
3.5  1  1  0  1  1  1  0  1  0  0  0  1  1  1  0  1  1  1  0  0  0  0  0  0  0  0  0  0  1  0  1  0  15.786177711
3.5  1  0  0  0  0  0  1  1  1  1  1  1  0  1  1  1  1  1  1  0  0  0  1  1  1  1  0  1  1  0  1  1  15.1288973075
3.5  1  1  0  0  0  0  0  0  1  0  0  0  0  1  0  0  1  1  1  1  1  0  0  0  0  1  0  1  1  1  1  1  15.3681318836
3.5  1  0  1  0  0  0  0  0  0  0  0  0  0  0  0  0  0  0  0  1  0  0  0  1  1  1  1  1  1  1  1  1  16.7158977717
3.5  1  1  1  1  1  1  0  0  1  1  1  1  1  0  1  0  0  0  0  0  0  1  1  1  0  0  0  0  0  0  0  1  15.9818541924
3.5  1  1  1  1  0  0  1  0  0  0  0  0  0  1  0  1  1  1  1  1  0  0  1  0  1  1  1  1  1  0  0  1  15.1619302256
3.5  0  0  1  1  1  1  1  0  1  0  0  0  0  0  1  0  0  1  0  0  1  1  1  0  0  1  0  0  1  1  1  0  15.2366282146
3.5  1  1  1  1  1  1  1  0  0  0  0  0  1  1  1  1  1  1  0  0  1  1  1  0  0  1  0  1  1  1  1  1  14.9946565899
3.5  0  0  0  1  1  0  0  1  1  0  0  0  1  0  0  1  0  1  1  1  1  0  0  0  0  1  0  0  0  0  0  1  15.4246771737
3.5  1  1  0  0  1  1  1  1  1  0  1  1  1  1  1  0  1  0  0  0  0  1  1  1  1  0  0  1  0  1  1  0  15.1533778261
3.5  1  0  0  0  0  1  1  1  1  1  0  0  0  1  1  1  1  1  0  0  0  0  1  0  0  0  0  0  0  1  0  1  15.3331889476
3.5  1  0  1  1  1  1  1  0  1  0  0  0  1  1  1  0  0  0  0  1  1  1  1  1  0  1  1  1  0  1  1  1  14.9737156762
3.5  1  1  1  0  0  1  1  0  1  0  1  1  0  0  0  1  1  1  0  0  0  0  0  0  0  0  0  0  0  0  1  0  16.1206032035
3.5  1  1  1  1  0  1  1  0  1  0  0  0  0  0  1  1  0  0  0  0  0  0  0  0  0  0  0  1  0  0  1  1  15.8162996287
3.5  1  1  1  0  1  1  1  0  1  0  0  1  1  1  0  0  0  0  0  0  0  0  0  0  0  0  0  0  0  1  1  1  15.7965520784
3.5  1  1  1  1  0  0  0  0  0  0  0  1  1  1  1  1  1  0  1  0  1  0  1  0  0  0  0  1  1  0  1  1  15.1368959126
3.5  1  1  0  0  1  1  1  0  1  1  1  0  0  0  1  1  0  0  0  0  1  0  1  1  1  1  1  1  1  1  1  0  14.9969299702
3.5  0  0  0  0  0  1  1  0  0  0  0  0  0  0  0  1  1  1  1  1  1  1  0  0  0  0  0  0  0  0  0  0  15.6958510086
3.5  0  1  1  1  0  0  0  0  0  1  1  0  0  0  0  0  0  1  1  0  1  0  0  0  0  0  0  1  1  1  1  1  15.1665940936
3.5  1  1  1  1  1  1  0  0  0  0  0  0  0  1  1  1  1  1  1  1  1  1  0  1  1  1  1  1  1  1  1  0  15.1686323959
3.5  0  0  1  0  0  0  0  1  0  0  0  0  0  1  1  0  0  1  1  1  0  1  0  0  0  0  0  1  1  0  0  0  15.5984933055
3.5  1  1  1  0  1  1  1  1  1  1  1  1  1  1  0  1  1  0  0  0  0  1  1  0  1  1  0  0  0  0  0  0  16.165172378
3.5  1  1  1  1  1  1  1  1  1  1  1  0  0  0  0  0  0  0  0  0  0  0  0  0  0  0  0  0  0  0  0  0  18.0323497306
3.5  0  0  0  0  0  0  0  0  0  0  0  0  1  1  1  1  1  1  1  1  1  1  1  0  0  0  0  0  0  0  0  0  16.0469791173
3.5  0  0  0  0  0  0  0  0  0  0  0  0  0  0  0  0  1  0  0  0  0  1  0  0  0  0  0  0  0  0  1  1  15.9690947875
3.5  1  1  1  1  0  0  0  1  0  1  1  1  0  0  0  1  0  1  1  1  1  1  1  1  1  0  1  1  0  1  0  0  15.0779006245
3.5  0  1  1  1  0  1  0  1  0  0  1  0  1  1  0  1  0  0  1  0  1  1  1  1  1  0  0  0  1  0  1  0  15.1853701805
3.5  0  1  1  1  0  1  0  0  0  1  1  0  1  1  1  1  1  1  1  0  0  0  0  0  1  1  0  1  0  0  0  0  15.3604130219
3.5  1  0  1  1  0  0  0  0  1  0  1  1  0  0  0  0  0  1  0  1  0  1  0  0  0  0  1  0  1  1  0  1  15.321344555
3.5  1  1  0  1  0  0  1  0  0  0  0  1  0  0  1  1  0  1  0  0  1  1  1  0  1  0  0  0  1  1  1  1  15.1365681089
3.5  1  1  0  1  1  1  1  1  0  0  1  0  0  1  0  1  0  0  0  0  1  0  0  1  1  0  1  0  0  1  1  0  15.4435565095
3.5  1  1  1  0  1  1  1  1  1  1  0  0  0  0  1  1  1  1  0  0  0  1  0  0  0  1  1  0  1  0  1  1  15.260406042
3.5  0  1  0  1  1  0  0  0  0  0  1  0  0  1  1  0  1  1  0  0  0  0  1  1  1  0  0  0  0  1  1  1  15.2278409902
3.5  0  1  0  1  1  0  1  1  1  0  0  0  0  0  1  1  0  0  0  0  0  1  1  0  0  0  0  0  0  1  0  1  15.5831435396
3.5  0  1  1  1  1  0  1  0  0  1  0  1  0  0  0  0  0  1  0  0  1  0  0  1  0  0  0  0  1  0  1  1  15.4384072173
3.5  0  1  1  0  1  1  0  1  1  1  1  1  0  1  1  0  0  1  0  1  1  1  0  0  0  1  0  0  1  0  1  0  15.2932134
3.5  1  0  0  1  0  1  0  1  1  1  0  1  1  1  0  0  1  1  1  0  1  0  1  1  1  0  0  0  1  1  1  0  15.0833673823
3.5  1  1  1  0  1  0  1  1  1  1  1  0  1  1  1  1  0  0  1  1  1  0  1  1  1  0  0  0  0  0  0  1  15.2402850835
3.5  1  0  1  0  0  1  1  0  0  0  1  0  1  1  1  0  0  0  0  0  0  1  0  0  0  1  1  0  0  1  0  1  15.360668929
3.5  0  0  1  1  0  0  1  1  0  1  0  0  1  0  0  0  1  0  0  1  1  1  0  1  1  0  0  1  0  0  0  0  15.3948808077
3.5  1  1  0  0  1  0  1  0  0  1  0  1  0  1  1  1  0  0  0  0  1  1  1  0  0  0  0  0  0  0  1  1  15.33417484
3.5  0  0  1  0  1  1  1  1  1  0  1  0  0  1  0  0  1  1  0  1  1  1  1  1  1  1  1  1  1  0  1  1  15.1119858369
3.5  1  1  1  1  0  1  0  0  0  0  1  1  0  1  1  0  1  1  1  1  1  0  0  0  1  1  1  0  1  1  1  0  15.0285878109
3.5  0  1  1  1  1  1  0  1  1  1  0  0  1  0  1  0  0  1  1  1  0  0  0  0  0  0  0  0  1  0  1  1  15.479559446
3.5  0  1  0  0  0  1  0  1  1  0  1  0  0  0  0  1  0  0  0  1  0  0  0  1  0  1  1  0  0  0  1  0  15.4947279941
3.5  1  1  0  0  0  0  1  1  1  0  0  1  0  0  0  1  0  0  1  1  0  0  0  1  0  1  1  0  1  0  1  1  15.1551580962
3.5  0  0  0  1  1  0  0  1  1  1  0  1  0  0  0  1  0  1  0  0  0  1  1  0  1  1  1  1  0  0  1  0  15.2170183781
3.5  1  0  0  1  1  1  0  0  0  0  0  1  0  1  1  0  1  1  1  0  0  1  1  0  0  0  1  1  1  0  0  0  15.2745808728
3.5  0  1  1  1  0  0  1  1  1  0  0  1  0  0  1  1  0  0  1  0  0  0  0  1  1  1  0  1  0  1  1  0  15.2011614108
3.5  1  1  1  1  1  0  1  1  0  0  0  0  0  1  0  1  1  0  1  1  1  1  0  0  0  0  1  0  0  1  1  1  15.1695520196
3.5  1  1  0  0  1  0  0  0  1  1  1  0  0  0  0  0  1  1  1  0  0  0  0  0  0  1  1  1  0  1  0  0  15.4381285496
3.5  0  1  0  1  1  0  0  1  0  1  0  1  1  0  1  1  1  0  0  1  0  0  0  0  1  0  1  0  1  0  1  1  15.1626180058
3.5  0  0  0  0  1  0  1  0  1  1  1  1  0  1  0  1  0  1  0  0  0  0  1  0  0  0  0  0  1  0  0  0  15.6470878988
3.5  1  1  1  1  1  1  1  0  0  0  1  1  0  0  0  0  0  0  0  0  0  0  0  1  1  1  0  0  0  0  0  1  16.01245974
3.5  1  1  0  0  1  1  1  1  0  0  0  0  0  0  0  0  1  0  1  1  1  1  0  0  0  0  0  0  0  0  0  0  15.9188684804
3.5  1  1  1  1  0  0  1  0  0  0  0  0  1  0  0  0  0  1  0  0  0  0  0  0  1  0  0  0  1  0  0  0  16.2356817644
3.5  0  0  0  1  0  0  0  0  1  1  1  1  0  0  1  1  1  1  0  0  1  0  0  0  0  0  0  0  1  0  0  1  15.3776174785
3.5  1  1  1  1  1  0  1  1  1  1  1  1  1  1  1  0  0  0  1  1  1  1  1  1  1  1  1  0  0  0  0  0  15.3138606199
3.5  1  1  0  1  0  0  0  0  0  1  1  1  1  1  1  1  0  0  0  1  0  1  1  0  0  0  0  0  0  0  1  1  15.2530235531
3.5  0  1  0  0  0  1  1  1  0  0  0  1  1  1  1  1  0  1  1  0  0  0  0  0  0  1  0  0  0  0  0  1  15.3935009753
3.5  1  0  1  1  1  1  1  1  1  1  1  0  0  0  1  1  1  1  0  0  1  1  1  1  0  0  1  0  1  0  0  1  15.2120185274
3.5  0  0  0  1  1  1  1  1  1  1  1  1  1  1  1  1  1  1  1  0  0  0  0  1  1  0  0  1  0  0  0  1  15.256573981
3.5  1  0  0  1  1  1  1  1  1  1  1  1  1  1  1  0  0  1  0  0  1  1  1  1  1  1  1  0  0  0  0  0  15.2481104401
3.5  0  0  0  0  1  1  1  1  1  0  0  1  0  0  1  1  0  0  0  0  1  1  0  1  0  1  1  0  0  0  0  0  15.4300294802
3.5  0  0  1  1  1  1  0  0  0  1  1  1  1  1  1  0  0  0  0  0  0  0  0  0  1  0  0  0  0  1  0  0  15.9405420075
3.5  1  0  0  1  0  0  0  0  0  0  0  0  0  0  0  1  1  1  1  0  1  0  0  0  0  0  0  1  0  1  0  1  15.5330775789
3.5  1  1  0  0  0  0  1  0  1  1  0  1  0  1  1  0  0  1  1  1  0  0  0  1  1  0  0  0  0  1  1  0  15.2579185298
3.5  0  0  0  0  0  0  1  0  1  1  1  1  0  1  1  0  1  1  1  1  0  0  0  0  1  0  0  0  1  1  0  1  15.2282921362
3.5  1  1  1  1  1  1  1  0  0  0  0  1  1  1  1  0  1  0  0  0  1  1  1  1  0  0  1  1  0  0  0  0  15.4746787367
3.5  0  1  1  1  0  0  1  0  0  1  0  0  0  0  0  1  1  0  0  0  0  0  0  0  0  0  1  1  0  0  1  1  15.4511857125
3.5  0  1  1  1  0  0  1  1  1  1  1  1  1  1  1  0  0  0  0  1  0  0  0  0  1  0  0  1  1  1  1  1  15.1633360789
3.5  1  0  0  0  0  0  1  1  0  0  0  0  0  0  1  0  0  1  1  0  0  1  1  1  1  0  1  1  0  0  0  0  15.4919579812
3.5  0  0  0  0  0  0  0  0  0  0  0  0  0  0  0  0  1  1  1  0  1  1  0  0  0  0  1  1  1  0  0  0  16.0608769843
3.5  0  1  1  0  0  1  0  1  1  1  1  1  1  1  1  1  1  1  1  1  1  1  0  1  1  0  0  0  1  1  1  0  14.9537187186
3.5  1  1  1  1  1  1  0  0  0  0  1  1  1  0  0  0  0  0  0  0  1  0  0  0  0  0  0  1  1  1  1  1  15.3010918392
3.5  1  1  1  0  1  1  0  1  0  1  1  0  0  0  0  1  0  1  0  0  0  1  1  1  0  1  1  1  0  0  0  0  15.4261899253
3.5  0  0  0  0  0  0  1  0  1  1  1  1  1  1  0  0  0  0  0  0  0  1  1  1  1  1  1  1  0  0  0  1  15.2727296371
3.5  0  0  0  0  0  0  0  0  0  0  1  1  1  1  1  1  0  1  0  0  0  1  1  1  1  1  1  0  0  0  0  0  15.6378965282
3.5  0  0  0  1  1  1  0  1  0  0  0  0  1  1  0  0  0  0  1  0  0  0  0  0  1  0  0  0  1  1  1  1  15.2294906155
3.5  0  0  0  0  0  1  0  0  0  0  1  0  0  0  0  1  1  1  0  1  1  1  1  0  0  1  1  1  1  0  0  1  15.7692174182
3.5  1  1  0  0  0  0  0  1  1  1  0  1  1  0  1  1  0  0  0  0  0  0  0  0  0  1  1  1  1  1  1  0  15.1810726468
3.5  0  0  1  0  0  1  0  0  0  0  0  0  0  0  1  0  0  0  0  0  0  0  0  1  0  1  0  0  0  1  1  0  15.7207986825
3.5  0  1  1  1  1  1  1  1  1  1  1  1  0  1  1  0  0  0  0  1  1  1  0  1  1  0  1  0  0  1  1  0  15.3156711489
3.5  0  1  1  1  1  1  1  1  1  1  1  1  1  1  1  1  1  1  1  1  1  1  0  0  0  0  1  1  0  0  0  0  15.9798029116
3.5  0  0  0  0  0  0  1  1  1  1  1  1  1  1  1  1  1  1  1  1  1  1  1  1  0  0  0  0  0  0  0  0  15.2552753033
3.5  1  1  1  1  1  1  1  1  1  1  1  1  1  0  0  0  1  1  1  1  1  0  0  0  0  0  0  0  0  0  0  0  17.2176076377
3.5  1  1  1  1  1  0  0  0  0  1  1  1  1  1  1  1  1  1  1  0  0  0  0  0  0  0  0  0  0  0  0  0  16.4168055516
3.5  1  1  1  1  1  1  1  1  1  0  0  0  0  1  1  1  0  0  0  0  0  0  0  0  0  0  0  0  0  0  0  0  17.375033309
3.5  0  0  0  0  0  1  1  0  0  0  0  0  1  1  1  1  1  1  1  1  1  0  1  1  1  1  1  1  1  1  1  1  16.5317716323
3.5  0  0  0  0  0  0  0  0  0  0  0  1  1  0  0  0  0  0  0  0  0  0  0  0  0  1  1  1  1  1  1  1  15.9235160913
3.5  1  1  1  1  1  1  1  1  1  1  0  0  0  0  0  0  0  0  0  0  0  0  0  0  0  0  0  0  0  0  1  1  16.6979400686
3.5  0  0  0  0  1  1  1  1  1  1  1  1  1  0  0  0  0  0  0  0  0  0  0  0  0  0  0  0  0  0  0  0  16.9136172311
3.5  1  1  1  1  1  1  1  1  1  1  0  0  0  0  1  1  1  1  1  1  1  1  1  1  1  1  1  1  0  0  0  0  15.1082778315
3.5  1  1  1  1  1  1  1  1  1  1  0  0  0  0  0  0  0  0  0  0  0  0  1  1  1  1  1  0  0  0  0  0  16.107980853
3.5  0  0  0  0  0  0  0  0  0  0  0  0  0  0  0  0  0  0  0  0  0  0  0  0  0  0  0  0  0  0  0  1  16.4034653368
3.5  1  1  1  1  1  1  1  1  1  1  1  1  1  1  1  1  0  0  0  0  0  0  0  0  0  0  1  1  1  1  1  1  15.8328219425
3.5  1  1  1  1  1  0  0  0  0  0  0  0  0  0  0  0  0  0  0  0  0  0  0  0  0  0  0  0  0  0  0  0  17.1670717786
3.5  0  0  0  0  0  0  0  0  0  0  0  0  0  0  0  0  0  0  0  0  1  1  1  1  1  1  1  1  1  1  1  1  18.3021509635
3.5  1  1  1  1  1  1  0  0  0  0  0  0  0  0  0  0  0  0  0  0  0  0  0  0  0  0  0  0  0  0  0  0  17.315445842
3.5  0  0  0  0  0  0  0  0  0  0  0  0  0  0  0  1  1  1  1  1  1  1  1  1  1  1  1  1  1  0  0  0  17.003188475
3.5  0  1  1  1  1  1  0  0  0  0  0  0  0  1  0  0  0  0  0  0  0  1  1  1  1  1  1  1  1  1  1  1  15.0947703043
3.5  1  1  1  1  1  1  1  1  1  1  1  1  1  1  1  1  1  0  0  0  1  1  1  1  1  1  1  1  1  1  1  1  15.1186935342
3.5  1  1  1  1  1  1  1  1  1  1  0  0  0  0  0  0  0  0  0  0  0  1  1  1  1  1  1  1  1  1  1  1  15.1024398538
3.5  0  0  0  0  0  0  0  0  1  1  1  1  1  1  1  1  1  1  1  1  1  1  1  1  1  1  1  1  1  1  1  1  16.9297038171
3.5  0  0  0  0  0  0  1  1  1  1  1  1  1  1  1  1  1  1  1  1  1  1  0  0  0  0  0  0  1  1  1  0  15.1507218774
3.5  1  1  1  1  1  1  1  1  1  1  0  0  0  0  0  0  0  1  1  1  0  0  0  0  0  0  0  0  1  1  1  1  15.6228010661
3.5  1  1  1  1  1  1  1  1  1  1  1  1  1  1  1  1  1  1  1  1  1  1  0  0  0  0  0  0  0  0  0  0  17.2345593624
3.5  0  0  0  0  0  0  0  0  0  0  0  1  1  1  1  1  1  1  1  0  0  0  0  0  0  0  0  1  1  1  1  1  15.7053198948
3.5  0  0  0  0  0  0  0  0  0  0  0  0  0  0  0  0  0  0  0  0  0  0  0  0  0  0  0  0  0  0  0  0  16.7346109005
3.5  1  0  0  0  0  0  0  0  0  0  0  0  0  0  0  0  0  0  0  0  0  0  0  0  0  0  0  0  0  0  0  0  16.7567540911
3.5  1  1  0  0  0  0  0  1  1  1  1  1  1  1  1  1  1  1  1  1  1  1  1  1  1  1  1  1  1  1  1  1  15.8416354645
3.5  1  1  0  0  0  0  0  0  0  0  0  1  1  1  1  1  1  0  0  0  0  0  0  0  0  0  1  1  1  1  1  1  15.3315724218